S2A/MSI RSR			
converted to text file			
source: https://sentinels.copernicus.eu/web/sentinel/user-guides/sentinel-2-msi/document-library/-/asset_publisher/Wk0TKajiISaR/content/sentinel-2a-spectral-responses			
datasets: wavelength, rsr, band			
wavelength	rsr	band	id
0.412	1.78E-03	B1	1
0.413	4.07E-03	B1	1
0.414	3.63E-03	B1	1
0.415	3.52E-03	B1	1
0.416	5.73E-03	B1	1
0.417	3.78E-03	B1	1
0.418	2.64E-03	B1	1
0.419	1.26E-03	B1	1
0.42	1.99E-03	B1	1
0.421	1.37E-03	B1	1
0.422	1.25E-03	B1	1
0.423	4.63E-04	B1	1
0.424	8.14E-04	B1	1
0.425	1.38E-03	B1	1
0.426	1.49E-03	B1	1
0.427	1.82E-03	B1	1
0.428	1.63E-03	B1	1
0.429	4.39E-03	B1	1
0.43	2.90E-02	B1	1
0.431	0.118745933	B1	1
0.432	0.323875058	B1	1
0.433	0.572819207	B1	1
0.434	0.714727494	B1	1
0.435	0.761967778	B1	1
0.436	0.789297016	B1	1
0.437	0.808623866	B1	1
0.438	0.810893815	B1	1
0.439	0.824198756	B1	1
0.44	0.854158107	B1	1
0.441	0.870790877	B1	1
0.442	0.887310969	B1	1
0.443	0.926199242	B1	1
0.444	0.982281495	B1	1
0.445	1	B1	1
0.446	0.975238202	B1	1
0.447	0.93596338	B1	1
0.448	0.889971481	B1	1
0.449	0.850210477	B1	1
0.45	0.825694526	B1	1
0.451	0.783902388	B1	1
0.452	0.614174215	B1	1
0.453	0.330071087	B1	1
0.454	0.124108313	B1	1
0.455	0.04365694	B1	1
0.456	0.014749595	B1	1
0.456	0.04255531	B2	2
0.457	0.0722983	B2	2
0.458	0.15374322	B2	2
0.459	0.32799225	B2	2
0.46	0.55336788	B2	2
0.461	0.71011166	B2	2
0.462	0.75285179	B2	2
0.463	0.75232691	B2	2
0.464	0.75668081	B2	2
0.465	0.76326948	B2	2
0.466	0.76239425	B2	2
0.467	0.7852515	B2	2
0.468	0.81546669	B2	2
0.469	0.86179176	B2	2
0.47	0.89282599	B2	2
0.471	0.9195221	B2	2
0.472	0.91900649	B2	2
0.473	0.91315754	B2	2
0.474	0.90035366	B2	2
0.475	0.88989693	B2	2
0.476	0.8823246	B2	2
0.477	0.87606118	B2	2
0.478	0.88429987	B2	2
0.479	0.90695544	B2	2
0.48	0.93232085	B2	2
0.481	0.93947252	B2	2
0.482	0.94383543	B2	2
0.483	0.92204086	B2	2
0.484	0.8860231	B2	2
0.485	0.84743609	B2	2
0.486	0.81251687	B2	2
0.487	0.7823971	B2	2
0.488	0.7731087	B2	2
0.489	0.77209054	B2	2
0.49	0.78742652	B2	2
0.491	0.81217177	B2	2
0.492	0.84605052	B2	2
0.493	0.88767996	B2	2
0.494	0.92793997	B2	2
0.495	0.95069235	B2	2
0.496	0.96573311	B2	2
0.497	0.96938253	B2	2
0.498	0.96570294	B2	2
0.499	0.95832003	B2	2
0.5	0.95405064	B2	2
0.501	0.95178268	B2	2
0.502	0.95699722	B2	2
0.503	0.96556515	B2	2
0.504	0.9770514	B2	2
0.505	0.97709574	B2	2
0.506	0.97436606	B2	2
0.507	0.95903183	B2	2
0.508	0.93506318	B2	2
0.509	0.90190134	B2	2
0.51	0.87165792	B2	2
0.511	0.84402444	B2	2
0.512	0.82280852	B2	2
0.513	0.81536043	B2	2
0.514	0.82057639	B2	2
0.515	0.8395149	B2	2
0.516	0.86992171	B2	2
0.517	0.91526205	B2	2
0.518	0.96067028	B2	2
0.519	0.99163699	B2	2
0.52	1	B2	2
0.521	0.98356097	B2	2
0.522	0.91130763	B2	2
0.523	0.74018256	B2	2
0.524	0.50395858	B2	2
0.525	0.3050155	B2	2
0.526	0.18004605	B2	2
0.527	0.10738342	B2	2
0.528	0.06593592	B2	2
0.529	0.04207746	B2	2
0.53	0.02662129	B2	2
0.531	0.0143396	B2	2
0.532	0.00265779	B2	2
0.533	0.00081822	B2	2
0.538	0.01448181	B3	3
0.539	0.03422251	B3	3
0.54	0.07346335	B3	3
0.541	0.15444843	B3	3
0.542	0.31661425	B3	3
0.543	0.55322279	B3	3
0.544	0.74859406	B3	3
0.545	0.84890306	B3	3
0.546	0.89772216	B3	3
0.547	0.9215368	B3	3
0.548	0.92572845	B3	3
0.549	0.91122688	B3	3
0.55	0.88818924	B3	3
0.551	0.86523756	B3	3
0.552	0.84718187	B3	3
0.553	0.8387572	B3	3
0.554	0.84459081	B3	3
0.555	0.86219653	B3	3
0.556	0.88838714	B3	3
0.557	0.92443236	B3	3
0.558	0.96017974	B3	3
0.559	0.98685516	B3	3
0.56	1	B3	3
0.561	0.9986008	B3	3
0.562	0.98076472	B3	3
0.563	0.94522089	B3	3
0.564	0.8981778	B3	3
0.565	0.85580323	B3	3
0.566	0.81841734	B3	3
0.567	0.78862048	B3	3
0.568	0.76460653	B3	3
0.569	0.74963745	B3	3
0.57	0.75055111	B3	3
0.571	0.76137888	B3	3
0.572	0.78244479	B3	3
0.573	0.79890086	B3	3
0.574	0.81016957	B3	3
0.575	0.81408886	B3	3
0.576	0.77358596	B3	3
0.577	0.62881065	B3	3
0.578	0.40397555	B3	3
0.579	0.21542098	B3	3
0.58	0.10715281	B3	3
0.581	0.04792877	B3	3
0.582	0.01848693	B3	3
0.583	0.00108588	B3	3
0.646	0.00141521	B4	4
0.647	0.02590238	B4	4
0.648	0.11651178	B4	4
0.649	0.39088616	B4	4
0.65	0.74959342	B4	4
0.651	0.94485805	B4	4
0.652	0.98011173	B4	4
0.653	0.99406309	B4	4
0.654	1	B4	4
0.655	0.99545475	B4	4
0.656	0.99052772	B4	4
0.657	0.97733476	B4	4
0.658	0.94055988	B4	4
0.659	0.87894956	B4	4
0.66	8.16E-01	B4	4
0.661	7.73E-01	B4	4
0.662	7.54E-01	B4	4
0.663	7.60E-01	B4	4
0.664	7.83E-01	B4	4
0.665	8.10E-01	B4	4
0.666	8.36E-01	B4	4
0.667	8.61E-01	B4	4
0.668	8.86E-01	B4	4
0.669	9.11E-01	B4	4
0.67	9.34E-01	B4	4
0.671	9.50E-01	B4	4
0.672	9.59E-01	B4	4
0.673	9.60E-01	B4	4
0.674	9.59E-01	B4	4
0.675	9.58E-01	B4	4
0.676	9.55E-01	B4	4
0.677	9.44E-01	B4	4
0.678	8.95E-01	B4	4
0.679	7.44E-01	B4	4
0.68	4.77E-01	B4	4
0.681	2.30E-01	B4	4
0.682	8.01E-02	B4	4
0.683	2.62E-02	B4	4
0.684	4.15E-03	B4	4
0.695	2.84E-02	B5	5
0.696	1.24E-01	B5	5
0.697	3.94E-01	B5	5
0.698	7.61E-01	B5	5
0.699	9.71E-01	B5	5
0.7	9.99E-01	B5	5
0.701	1.00E+00	B5	5
0.702	9.94E-01	B5	5
0.703	9.83E-01	B5	5
0.704	9.67E-01	B5	5
0.705	9.48E-01	B5	5
0.706	9.27E-01	B5	5
0.707	9.04E-01	B5	5
0.708	0.88614713	B5	5
0.709	0.86723745	B5	5
0.71	0.79075319	B5	5
0.711	0.58840332	B5	5
0.712	0.26334833	B5	5
0.713	0.05675422	B5	5
0.714	0.00618833	B5	5
0.731	0.00171088	B6	6
0.732	0.05467153	B6	6
0.733	0.25806676	B6	6
0.734	0.64722098	B6	6
0.735	0.89218999	B6	6
0.736	0.90232877	B6	6
0.737	0.91508768	B6	6
0.738	0.94115846	B6	6
0.739	0.96299993	B6	6
0.74	0.97510481	B6	6
0.741	0.9770217	B6	6
0.742	0.98736251	B6	6
0.743	1	B6	6
0.744	0.98880277	B6	6
0.745	0.97179916	B6	6
0.746	0.90126739	B6	6
0.747	0.60672391	B6	6
0.748	0.20520227	B6	6
0.749	0.0267569	B6	6
0.769	0.00045899	B7	7
0.77	0.0117201	B7	7
0.771	0.05219715	B7	7
0.772	0.16561733	B7	7
0.773	0.36903355	B7	7
0.774	0.63685453	B7	7
0.775	0.86119638	B7	7
0.776	0.97002897	B7	7
0.777	0.99119602	B7	7
0.778	0.99897921	B7	7
0.779	1	B7	7
0.78	0.97725155	B7	7
0.781	0.92572385	B7	7
0.782	0.86605804	B7	7
0.783	0.81969611	B7	7
0.784	0.79407674	B7	7
0.785	0.79111029	B7	7
0.786	0.80431552	B7	7
0.787	0.81902721	B7	7
0.788	0.82571292	B7	7
0.789	0.82011829	B7	7
0.79	0.79222195	B7	7
0.791	0.72054559	B7	7
0.792	0.58767794	B7	7
0.793	0.41430355	B7	7
0.794	0.23088817	B7	7
0.795	0.09850282	B7	7
0.796	0.02736551	B7	7
0.797	0.00516235	B7	7
0.76	0.00067259	B8	8
0.761	0.00388856	B8	8
0.762	0	B8	8
0.763	0	B8	8
0.764	0	B8	8
0.765	0	B8	8
0.766	0	B8	8
0.767	0	B8	8
0.768	0	B8	8
0.769	0	B8	8
0.77	0	B8	8
0.771	0	B8	8
0.772	0	B8	8
0.773	0.00028956	B8	8
0.774	0.00702964	B8	8
0.775	0.01752391	B8	8
0.776	0.03231111	B8	8
0.777	0.05328661	B8	8
0.778	0.08299885	B8	8
0.779	0.12748502	B8	8
0.78	0.19591065	B8	8
0.781	0.30246323	B8	8
0.782	0.43553954	B8	8
0.783	0.57141637	B8	8
0.784	0.69766701	B8	8
0.785	0.80303852	B8	8
0.786	0.89115744	B8	8
0.787	0.95284584	B8	8
0.788	0.98894161	B8	8
0.789	1	B8	8
0.79	0.98840653	B8	8
0.791	0.96389216	B8	8
0.792	0.94207967	B8	8
0.793	0.93694643	B8	8
0.794	0.94227343	B8	8
0.795	0.95395718	B8	8
0.796	0.96828896	B8	8
0.797	0.97966549	B8	8
0.798	0.9854444	B8	8
0.799	0.98592681	B8	8
0.8	0.98391181	B8	8
0.801	0.97793903	B8	8
0.802	0.97722771	B8	8
0.803	0.97810609	B8	8
0.804	0.98144486	B8	8
0.805	0.98764558	B8	8
0.806	0.98857708	B8	8
0.807	0.9862422	B8	8
0.808	0.98070921	B8	8
0.809	0.97078624	B8	8
0.81	0.95721089	B8	8
0.811	0.93865821	B8	8
0.812	0.91672388	B8	8
0.813	0.89620759	B8	8
0.814	0.872888	B8	8
0.815	0.85160331	B8	8
0.816	0.8246394	B8	8
0.817	0.80078117	B8	8
0.818	0.7823386	B8	8
0.819	0.76360274	B8	8
0.82	0.74962771	B8	8
0.821	0.7387221	B8	8
0.822	0.73079407	B8	8
0.823	0.72271237	B8	8
0.824	0.72507708	B8	8
0.825	0.72563856	B8	8
0.826	0.72304217	B8	8
0.827	0.72229211	B8	8
0.828	0.71616364	B8	8
0.829	0.71159446	B8	8
0.83	0.70826954	B8	8
0.831	0.70157205	B8	8
0.832	0.69924532	B8	8
0.833	0.70093762	B8	8
0.834	0.70692733	B8	8
0.835	0.71824001	B8	8
0.836	0.73124634	B8	8
0.837	0.7484061	B8	8
0.838	0.76818541	B8	8
0.839	0.78394807	B8	8
0.84	0.7968381	B8	8
0.841	0.80260206	B8	8
0.842	0.8045194	B8	8
0.843	0.80240918	B8	8
0.844	0.79699072	B8	8
0.845	0.78920304	B8	8
0.846	0.77691621	B8	8
0.847	0.76518406	B8	8
0.848	0.75119717	B8	8
0.849	0.73700357	B8	8
0.85	0.72262399	B8	8
0.851	0.70412578	B8	8
0.852	0.68410805	B8	8
0.853	0.66474528	B8	8
0.854	0.64736891	B8	8
0.855	0.63005125	B8	8
0.856	0.61564222	B8	8
0.857	0.60249557	B8	8
0.858	0.58988992	B8	8
0.859	0.57993399	B8	8
0.86	0.57136506	B8	8
0.861	0.56094242	B8	8
0.862	0.55235105	B8	8
0.863	0.54568236	B8	8
0.864	0.53958052	B8	8
0.865	0.53510215	B8	8
0.866	0.53093675	B8	8
0.867	0.53016508	B8	8
0.868	0.52984662	B8	8
0.869	0.53036682	B8	8
0.87	0.53211463	B8	8
0.871	0.53271918	B8	8
0.872	0.53246806	B8	8
0.873	0.53331158	B8	8
0.874	0.5319278	B8	8
0.875	0.53051055	B8	8
0.876	0.52951499	B8	8
0.877	0.52996848	B8	8
0.878	0.53253373	B8	8
0.879	0.53705085	B8	8
0.88	0.54235344	B8	8
0.881	0.54912497	B8	8
0.882	0.55523055	B8	8
0.883	0.56011135	B8	8
0.884	0.55767999	B8	8
0.885	0.54821984	B8	8
0.886	0.53144613	B8	8
0.887	0.50763528	B8	8
0.888	0.47811224	B8	8
0.889	0.45092793	B8	8
0.89	0.42798466	B8	8
0.891	0.41051405	B8	8
0.892	0.40039139	B8	8
0.893	0.40087302	B8	8
0.894	0.40829375	B8	8
0.895	0.42086556	B8	8
0.896	0.43007022	B8	8
0.897	0.42456692	B8	8
0.898	0.39136817	B8	8
0.899	0.33009008	B8	8
0.9	0.25720509	B8	8
0.901	0.18189031	B8	8
0.902	0.11650668	B8	8
0.903	0.07031579	B8	8
0.904	0.04275381	B8	8
0.905	0.02593154	B8	8
0.906	0.01574394	B8	8
0.907	0.00394326	B8	8
0.837	0.00030097	B8A	9
0.838	0	B8A	9
0.839	0	B8A	9
0.84	0	B8A	9
0.841	0	B8A	9
0.842	0	B8A	9
0.843	0	B8A	9
0.844	0	B8A	9
0.845	0	B8A	9
0.846	0	B8A	9
0.847	0.00157217	B8A	9
0.848	0.00249886	B8A	9
0.849	0.01332037	B8A	9
0.85	0.02614866	B8A	9
0.851	0.05260479	B8A	9
0.852	0.10779709	B8A	9
0.853	0.22160755	B8A	9
0.854	0.39721628	B8A	9
0.855	0.60986885	B8A	9
0.856	0.81658883	B8A	9
0.857	0.9322445	B8A	9
0.858	0.97210033	B8A	9
0.859	0.97545482	B8A	9
0.86	0.97538048	B8A	9
0.861	0.97328205	B8A	9
0.862	0.97607828	B8A	9
0.863	0.98034955	B8A	9
0.864	0.98690928	B8A	9
0.865	0.99087465	B8A	9
0.866	0.99741818	B8A	9
0.867	0.99984673	B8A	9
0.868	0.99939141	B8A	9
0.869	0.99587928	B8A	9
0.87	0.99541228	B8A	9
0.871	1	B8A	9
0.872	0.99640762	B8A	9
0.873	0.92359433	B8A	9
0.874	0.74137684	B8A	9
0.875	0.48965971	B8A	9
0.876	0.25020643	B8A	9
0.877	0.11221246	B8A	9
0.878	0.04755984	B8A	9
0.879	0.02297815	B8A	9
0.88	0.01061438	B8A	9
0.881	0.00108149	B8A	9
0.932	0.016629527	B9	10
0.933	0.061118571	B9	10
0.934	0.174070942	B9	10
0.935	0.389464545	B9	10
0.936	0.664591498	B9	10
0.937	0.874541137	B9	10
0.938	0.936959878	B9	10
0.939	0.967510144	B9	10
0.94	0.989339103	B9	10
0.941	0.995126896	B9	10
0.942	1	B9	10
0.943	0.978457624	B9	10
0.944	0.980691181	B9	10
0.945	0.992233503	B9	10
0.946	0.987983795	B9	10
0.947	0.994283126	B9	10
0.948	0.983480409	B9	10
0.949	0.978200134	B9	10
0.95	0.950233675	B9	10
0.951	0.952996037	B9	10
0.952	0.922403082	B9	10
0.953	0.85573828	B9	10
0.954	0.709702275	B9	10
0.955	0.464295419	B9	10
0.956	0.215384267	B9	10
0.957	0.065341206	B9	10
0.958	0.016255961	B9	10
1.337	0.000238032	B10	11
1.338	0.000054011	B10	11
1.339	0.000030555	B10	11
1.34	0.000028606	B10	11
1.341	0.000076414	B10	11
1.342	0.000109542	B10	11
1.343	0.000088112	B10	11
1.344	0.000124276	B10	11
1.345	0.000175866	B10	11
1.346	0.000334017	B10	11
1.347	0.000371868	B10	11
1.348	0.000448739	B10	11
1.349	0.000658249	B10	11
1.35	0.001089206	B10	11
1.351	0.00196845	B10	11
1.352	0.003736281	B10	11
1.353	0.008016927	B10	11
1.354	0.018845345	B10	11
1.355	0.044655923	B10	11
1.356	0.101545368	B10	11
1.357	0.200854803	B10	11
1.358	0.342389339	B10	11
1.359	0.506471542	B10	11
1.36	0.662498209	B10	11
1.361	0.783168494	B10	11
1.362	0.861210463	B10	11
1.363	0.910000298	B10	11
1.364	0.942126255	B10	11
1.365	0.962015449	B10	11
1.366	0.973750495	B10	11
1.367	0.981720971	B10	11
1.368	0.987945142	B10	11
1.369	0.992810636	B10	11
1.37	0.996478958	B10	11
1.371	0.99904946	B10	11
1.372	1	B10	11
1.373	0.999092287	B10	11
1.374	0.996049616	B10	11
1.375	0.990956135	B10	11
1.376	0.984853732	B10	11
1.377	0.978085355	B10	11
1.378	0.970372704	B10	11
1.379	0.960890124	B10	11
1.38	0.948599028	B10	11
1.381	0.933274986	B10	11
1.382	0.915013686	B10	11
1.383	0.894075033	B10	11
1.384	0.868634853	B10	11
1.385	0.830744554	B10	11
1.386	0.76452492	B10	11
1.387	0.65530055	B10	11
1.388	0.507853983	B10	11
1.389	0.35145525	B10	11
1.39	0.219307816	B10	11
1.391	0.1274815	B10	11
1.392	0.068371642	B10	11
1.393	0.032620423	B10	11
1.394	0.013687992	B10	11
1.395	0.005499615	B10	11
1.396	0.002399545	B10	11
1.397	0.001125292	B10	11
1.398	0.000545136	B10	11
1.399	0.000350108	B10	11
1.4	0.000176863	B10	11
1.401	0.000218748	B10	11
1.402	0.000196998	B10	11
1.403	0.0001058	B10	11
1.404	0.000059528	B10	11
1.405	0.000051435	B10	11
1.406	0.000061894	B10	11
1.407	0.000056196	B10	11
1.408	0.000039155	B10	11
1.409	0.00003185	B10	11
1.41	0.000121264	B10	11
1.411	0.000108791	B10	11
1.412	0.000025451	B10	11
1.539	0.000006934	B11	12
1.54	0.000006804	B11	12
1.541	0.000008224	B11	12
1.542	0.000028105	B11	12
1.543	0.00003784	B11	12
1.544	0.000090746	B11	12
1.545	0.000147452	B11	12
1.546	0.000251399	B11	12
1.547	0.000480203	B11	12
1.548	0.000569537	B11	12
1.549	0.000662261	B11	12
1.55	0.000910566	B11	12
1.551	0.001166089	B11	12
1.552	0.001684036	B11	12
1.553	0.00245816	B11	12
1.554	0.00356747	B11	12
1.555	0.005345161	B11	12
1.556	0.008317784	B11	12
1.557	0.012628433	B11	12
1.558	0.018996334	B11	12
1.559	0.027780618	B11	12
1.56	0.03958367	B11	12
1.561	0.054865088	B11	12
1.562	0.074929768	B11	12
1.563	0.101069914	B11	12
1.564	0.135475748	B11	12
1.565	0.182597282	B11	12
1.566	0.247275543	B11	12
1.567	0.330736144	B11	12
1.568	0.429690906	B11	12
1.569	0.537634456	B11	12
1.57	0.647173334	B11	12
1.571	0.743528409	B11	12
1.572	0.815215305	B11	12
1.573	0.859201504	B11	12
1.574	0.879668577	B11	12
1.575	0.887029952	B11	12
1.576	0.889097838	B11	12
1.577	0.891416958	B11	12
1.578	0.897586018	B11	12
1.579	0.90663052	B11	12
1.58	0.916528056	B11	12
1.581	0.92657894	B11	12
1.582	0.935322165	B11	12
1.583	0.942393561	B11	12
1.584	0.947506732	B11	12
1.585	0.951415577	B11	12
1.586	0.954254286	B11	12
1.587	0.956429305	B11	12
1.588	0.958205215	B11	12
1.589	0.960687866	B11	12
1.59	0.963480014	B11	12
1.591	0.965796837	B11	12
1.592	0.968180454	B11	12
1.593	0.97101157	B11	12
1.594	0.973379886	B11	12
1.595	0.97591493	B11	12
1.596	0.978581496	B11	12
1.597	0.979877753	B11	12
1.598	0.98058868	B11	12
1.599	0.980912334	B11	12
1.6	0.981411503	B11	12
1.601	0.981243863	B11	12
1.602	0.980705072	B11	12
1.603	0.980376964	B11	12
1.604	0.981066319	B11	12
1.605	0.982735565	B11	12
1.606	0.985121995	B11	12
1.607	0.987806954	B11	12
1.608	0.990375969	B11	12
1.609	0.992015684	B11	12
1.61	0.993287985	B11	12
1.611	0.992536418	B11	12
1.612	0.990404949	B11	12
1.613	0.987128016	B11	12
1.614	0.983502057	B11	12
1.615	0.980022548	B11	12
1.616	0.976174463	B11	12
1.617	0.972568388	B11	12
1.618	0.969828489	B11	12
1.619	0.967709002	B11	12
1.62	0.966371474	B11	12
1.621	0.965848924	B11	12
1.622	0.966050474	B11	12
1.623	0.967426617	B11	12
1.624	0.969869577	B11	12
1.625	0.973463419	B11	12
1.626	0.97868284	B11	12
1.627	0.983472137	B11	12
1.628	0.987635453	B11	12
1.629	0.991875079	B11	12
1.63	0.995476405	B11	12
1.631	0.997586172	B11	12
1.632	0.998568438	B11	12
1.633	0.999327749	B11	12
1.634	0.999234469	B11	12
1.635	0.998803511	B11	12
1.636	0.999110558	B11	12
1.637	0.999729529	B11	12
1.638	0.999744808	B11	12
1.639	1	B11	12
1.64	0.999814319	B11	12
1.641	0.996693294	B11	12
1.642	0.991619643	B11	12
1.643	0.985701748	B11	12
1.644	0.978569228	B11	12
1.645	0.969902949	B11	12
1.646	0.960896391	B11	12
1.647	0.953286699	B11	12
1.648	0.946546283	B11	12
1.649	0.941712152	B11	12
1.65	0.938586421	B11	12
1.651	0.935489328	B11	12
1.652	0.928113913	B11	12
1.653	0.912102443	B11	12
1.654	0.88059783	B11	12
1.655	0.824980062	B11	12
1.656	0.743118017	B11	12
1.657	0.64189077	B11	12
1.658	0.534002282	B11	12
1.659	0.426963072	B11	12
1.66	0.323709698	B11	12
1.661	0.234284076	B11	12
1.662	0.163971597	B11	12
1.663	0.110210711	B11	12
1.664	0.072477896	B11	12
1.665	0.04619413	B11	12
1.666	0.029400532	B11	12
1.667	0.019358665	B11	12
1.668	0.013308246	B11	12
1.669	0.009316851	B11	12
1.67	0.006522833	B11	12
1.671	0.004864189	B11	12
1.672	0.003409053	B11	12
1.673	0.002490561	B11	12
1.674	0.001958315	B11	12
1.675	0.001422504	B11	12
1.676	0.001055276	B11	12
1.677	0.000497731	B11	12
1.678	0.000227763	B11	12
1.679	0.00015918	B11	12
1.68	0.000033942	B11	12
1.681	0.000044875	B11	12
1.682	0.000013044	B11	12
2.078	0.000639264	B12	13
2.079	0.001022905	B12	13
2.08	0.002884721	B12	13
2.081	0.003997454	B12	13
2.082	0.006597118	B12	13
2.083	0.007659826	B12	13
2.084	0.00800413	B12	13
2.085	0.008539692	B12	13
2.086	0.009300309	B12	13
2.087	0.010001938	B12	13
2.088	0.010972178	B12	13
2.089	0.012089456	B12	13
2.09	0.013364144	B12	13
2.091	0.015017309	B12	13
2.092	0.01712566	B12	13
2.093	0.01978032	B12	13
2.094	0.023335884	B12	13
2.095	0.027667597	B12	13
2.096	0.033215941	B12	13
2.097	0.040217377	B12	13
2.098	0.048882662	B12	13
2.099	0.059642173	B12	13
2.1	0.073175151	B12	13
2.101	0.090534716	B12	13
2.102	0.111470124	B12	13
2.103	0.13690299	B12	13
2.104	0.167810536	B12	13
2.105	0.203460906	B12	13
2.106	0.242871255	B12	13
2.107	0.284898317	B12	13
2.108	0.327177957	B12	13
2.109	0.36840376	B12	13
2.11	0.40800276	B12	13
2.111	0.444778149	B12	13
2.112	0.476537405	B12	13
2.113	0.503106894	B12	13
2.114	0.525317548	B12	13
2.115	0.543351996	B12	13
2.116	0.557252862	B12	13
2.117	0.568634197	B12	13
2.118	0.579029932	B12	13
2.119	0.588683995	B12	13
2.12	0.59889121	B12	13
2.121	0.609981083	B12	13
2.122	0.621362162	B12	13
2.123	0.634282516	B12	13
2.124	0.64854644	B12	13
2.125	0.663707315	B12	13
2.126	0.680046291	B12	13
2.127	0.696164765	B12	13
2.128	0.711964139	B12	13
2.129	0.727011081	B12	13
2.13	0.741301118	B12	13
2.131	0.757405387	B12	13
2.132	0.772070514	B12	13
2.133	0.78558074	B12	13
2.134	0.798238093	B12	13
2.135	0.809677071	B12	13
2.136	0.819701739	B12	13
2.137	0.82859933	B12	13
2.138	0.836721896	B12	13
2.139	0.844443431	B12	13
2.14	0.851107219	B12	13
2.141	0.853252319	B12	13
2.142	0.854746271	B12	13
2.143	0.85617419	B12	13
2.144	0.857820928	B12	13
2.145	0.859531818	B12	13
2.146	0.861459829	B12	13
2.147	0.863256985	B12	13
2.148	0.865138808	B12	13
2.149	0.867319035	B12	13
2.15	0.869696339	B12	13
2.151	0.874301992	B12	13
2.152	0.878588437	B12	13
2.153	0.882438825	B12	13
2.154	0.885928758	B12	13
2.155	0.889473121	B12	13
2.156	0.89322574	B12	13
2.157	0.896696495	B12	13
2.158	0.899896619	B12	13
2.159	0.902596288	B12	13
2.16	0.90483074	B12	13
2.161	0.905524618	B12	13
2.162	0.905665281	B12	13
2.163	0.905502587	B12	13
2.164	0.905157893	B12	13
2.165	0.904782854	B12	13
2.166	0.90408183	B12	13
2.167	0.903347495	B12	13
2.168	0.902760831	B12	13
2.169	0.902377006	B12	13
2.17	0.901982966	B12	13
2.171	0.903423562	B12	13
2.172	0.904312941	B12	13
2.173	0.905315323	B12	13
2.174	0.906446178	B12	13
2.175	0.90809207	B12	13
2.176	0.910123185	B12	13
2.177	0.912949979	B12	13
2.178	0.915584774	B12	13
2.179	0.918444254	B12	13
2.18	0.921302412	B12	13
2.181	0.924337167	B12	13
2.182	0.927218563	B12	13
2.183	0.929740263	B12	13
2.184	0.931921865	B12	13
2.185	0.934142166	B12	13
2.186	0.935906112	B12	13
2.187	0.937086137	B12	13
2.188	0.937641167	B12	13
2.189	0.938301157	B12	13
2.19	0.937652085	B12	13
2.191	0.940440758	B12	13
2.192	0.942517533	B12	13
2.193	0.943259037	B12	13
2.194	0.943031026	B12	13
2.195	0.942117106	B12	13
2.196	0.940631648	B12	13
2.197	0.938427922	B12	13
2.198	0.936660033	B12	13
2.199	0.935256327	B12	13
2.2	0.933022239	B12	13
2.201	0.926879998	B12	13
2.202	0.921056996	B12	13
2.203	0.915482617	B12	13
2.204	0.911020114	B12	13
2.205	0.908292872	B12	13
2.206	0.907283492	B12	13
2.207	0.90819092	B12	13
2.208	0.911168883	B12	13
2.209	0.916188526	B12	13
2.21	0.922854635	B12	13
2.211	0.920605167	B12	13
2.212	0.919482312	B12	13
2.213	0.919489205	B12	13
2.214	0.921276392	B12	13
2.215	0.924526038	B12	13
2.216	0.927732919	B12	13
2.217	0.931974489	B12	13
2.218	0.936769555	B12	13
2.219	0.941482728	B12	13
2.22	0.946801994	B12	13
2.221	0.951202607	B12	13
2.222	0.954436663	B12	13
2.223	0.957046915	B12	13
2.224	0.959729173	B12	13
2.225	0.962538601	B12	13
2.226	0.964857726	B12	13
2.227	0.966042031	B12	13
2.228	0.966647037	B12	13
2.229	0.966309991	B12	13
2.23	0.965460063	B12	13
2.231	0.964841278	B12	13
2.232	0.963655749	B12	13
2.233	0.961698492	B12	13
2.234	0.959453949	B12	13
2.235	0.957327053	B12	13
2.236	0.955140475	B12	13
2.237	0.953558145	B12	13
2.238	0.95273179	B12	13
2.239	0.952180853	B12	13
2.24	0.951730689	B12	13
2.241	0.952145994	B12	13
2.242	0.952641408	B12	13
2.243	0.954056643	B12	13
2.244	0.957078482	B12	13
2.245	0.960638803	B12	13
2.246	0.964221982	B12	13
2.247	0.968307493	B12	13
2.248	0.972691041	B12	13
2.249	0.97742349	B12	13
2.25	0.982898416	B12	13
2.251	0.98714443	B12	13
2.252	0.990734152	B12	13
2.253	0.993982826	B12	13
2.254	0.996786808	B12	13
2.255	0.998752904	B12	13
2.256	1	B12	13
2.257	0.999927455	B12	13
2.258	0.999151921	B12	13
2.259	0.997129452	B12	13
2.26	0.993883695	B12	13
2.261	0.989685968	B12	13
2.262	0.983735405	B12	13
2.263	0.976212761	B12	13
2.264	0.967813199	B12	13
2.265	0.958342887	B12	13
2.266	0.948440151	B12	13
2.267	0.9382028	B12	13
2.268	0.927724853	B12	13
2.269	0.917038819	B12	13
2.27	0.905999348	B12	13
2.271	0.893868367	B12	13
2.272	0.881682515	B12	13
2.273	0.86864716	B12	13
2.274	0.854635458	B12	13
2.275	0.840619936	B12	13
2.276	0.826015692	B12	13
2.277	0.809516209	B12	13
2.278	0.791866591	B12	13
2.279	0.772443017	B12	13
2.28	0.749106638	B12	13
2.281	0.720345599	B12	13
2.282	0.688185271	B12	13
2.283	0.651282733	B12	13
2.284	0.610049759	B12	13
2.285	0.56603087	B12	13
2.286	0.520969977	B12	13
2.287	0.474659094	B12	13
2.288	0.429259293	B12	13
2.289	0.38585714	B12	13
2.29	0.342091763	B12	13
2.291	0.300680041	B12	13
2.292	0.263176181	B12	13
2.293	0.227703987	B12	13
2.294	0.195720706	B12	13
2.295	0.168090024	B12	13
2.296	0.144679716	B12	13
2.297	0.124830647	B12	13
2.298	0.108237331	B12	13
2.299	0.09440058	B12	13
2.3	0.082363039	B12	13
2.301	0.071500068	B12	13
2.302	0.062690603	B12	13
2.303	0.054985448	B12	13
2.304	0.048194534	B12	13
2.305	0.042864117	B12	13
2.306	0.038598228	B12	13
2.307	0.034947252	B12	13
2.308	0.031998848	B12	13
2.309	0.029587869	B12	13
2.31	0.027418116	B12	13
2.311	0.025576973	B12	13
2.312	0.023959421	B12	13
2.313	0.021671692	B12	13
2.314	0.019147972	B12	13
2.315	0.016331132	B12	13
2.316	0.010988591	B12	13
2.317	0.007378602	B12	13
2.318	0.006510601	B12	13
2.319	0.004709556	B12	13
2.32	0.002065107	B12	13
