L8/OLI RSR			
converted to text file			
source: https://landsat.gsfc.nasa.gov/satellites/landsat-8/spacecraft-instruments/operational-land-imager/spectral-response-of-the-operational-land-imager-in-band-band-average-relative-spectral-response/			
datasets: wavelength, rsr, band			
wavelength	rsr	band	id
0.427	7.30E-05	CA	1
0.428	6.09E-04	CA	1
0.429	1.63E-03	CA	1
0.43	3.42E-03	CA	1
0.431	8.02E-03	CA	1
0.432	2.48E-02	CA	1
0.433	8.57E-02	CA	1
0.434	2.54E-01	CA	1
0.435	5.18E-01	CA	1
0.436	7.65E-01	CA	1
0.437	9.09E-01	CA	1
0.438	9.58E-01	CA	1
0.439	9.77E-01	CA	1
0.44	9.84E-01	CA	1
0.441	9.89E-01	CA	1
0.442	9.87E-01	CA	1
0.443	9.94E-01	CA	1
0.444	9.93E-01	CA	1
0.445	1.00E+00	CA	1
0.446	0.996969	CA	1
0.447	0.98278	CA	1
0.448	0.972692	CA	1
0.449	0.905808	CA	1
0.45	0.745606	CA	1
0.451	0.471329	CA	1
0.452	0.226412	CA	1
0.453	0.09286	CA	1
0.454	0.036603	CA	1
0.455	0.014537	CA	1
0.456	0.005829	CA	1
0.457	0.002414	CA	1
0.458	0.000984	CA	1
0.459	0.000255	CA	1
0.436	0.00001	Blue	2
0.437	0.000061	Blue	2
0.438	0.000117	Blue	2
0.439	0.000241	Blue	2
0.44	0.000349	Blue	2
0.441	0.000455	Blue	2
0.442	0.000756	Blue	2
0.443	0.001197	Blue	2
0.444	0.00207	Blue	2
0.445	0.003712	Blue	2
0.446	0.006869	Blue	2
0.447	0.013212	Blue	2
0.448	0.02717	Blue	2
0.449	0.058606	Blue	2
0.45	0.130876	Blue	2
0.451	0.27137	Blue	2
0.452	0.493542	Blue	2
0.453	0.723971	Blue	2
0.454	0.85751	Blue	2
0.455	0.894222	Blue	2
0.456	0.903034	Blue	2
0.457	0.910928	Blue	2
0.458	0.90988	Blue	2
0.459	0.899475	Blue	2
0.46	0.897977	Blue	2
0.461	0.889667	Blue	2
0.462	0.883542	Blue	2
0.463	0.877453	Blue	2
0.464	0.881011	Blue	2
0.465	0.874721	Blue	2
0.466	0.879688	Blue	2
0.467	0.886569	Blue	2
0.468	0.891913	Blue	2
0.469	0.88768	Blue	2
0.47	0.861157	Blue	2
0.471	0.848533	Blue	2
0.472	0.840828	Blue	2
0.473	0.828339	Blue	2
0.474	0.844202	Blue	2
0.475	0.865864	Blue	2
0.476	0.868497	Blue	2
0.477	0.890253	Blue	2
0.478	0.912538	Blue	2
0.479	0.910385	Blue	2
0.48	0.918822	Blue	2
0.481	0.931726	Blue	2
0.482	0.931813	Blue	2
0.483	0.954248	Blue	2
0.484	0.955545	Blue	2
0.485	0.96242	Blue	2
0.486	0.956424	Blue	2
0.487	0.953352	Blue	2
0.488	0.978564	Blue	2
0.489	0.989104	Blue	2
0.49	0.985615	Blue	2
0.491	0.989469	Blue	2
0.492	0.982262	Blue	2
0.493	0.968801	Blue	2
0.494	0.967332	Blue	2
0.495	0.976836	Blue	2
0.496	0.988729	Blue	2
0.497	0.980826	Blue	2
0.498	0.967361	Blue	2
0.499	0.954754	Blue	2
0.5	0.964132	Blue	2
0.501	0.966125	Blue	2
0.502	0.966772	Blue	2
0.503	0.981834	Blue	2
0.504	0.98232	Blue	2
0.505	0.965685	Blue	2
0.506	0.963135	Blue	2
0.507	0.972261	Blue	2
0.508	0.996498	Blue	2
0.509	1	Blue	2
0.51	0.9556	Blue	2
0.511	0.844893	Blue	2
0.512	0.534592	Blue	2
0.513	0.190738	Blue	2
0.514	0.048329	Blue	2
0.515	0.013894	Blue	2
0.516	0.005328	Blue	2
0.517	0.002611	Blue	2
0.518	0.001557	Blue	2
0.519	0.0011	Blue	2
0.52	0.000785	Blue	2
0.521	0.000516	Blue	2
0.522	0.000321	Blue	2
0.523	0.000162	Blue	2
0.524	0.000072	Blue	2
0.525	0.000057	Blue	2
0.526	0.000023	Blue	2
0.527	0.000032	Blue	2
0.528	-0.000016	Blue	2
0.512	-0.000046	Green	3
0.513	0.000016	Green	3
0.514	0.00011	Green	3
0.515	0.000247	Green	3
0.516	0.000362	Green	3
0.517	0.000648	Green	3
0.518	0.000935	Green	3
0.519	0.001332	Green	3
0.52	0.001816	Green	3
0.521	0.002515	Green	3
0.522	0.003446	Green	3
0.523	0.00488	Green	3
0.524	0.007024	Green	3
0.525	0.010441	Green	3
0.526	0.016247	Green	3
0.527	0.025513	Green	3
0.528	0.041451	Green	3
0.529	0.070551	Green	3
0.53	0.123444	Green	3
0.531	0.21168	Green	3
0.532	0.353885	Green	3
0.533	0.545856	Green	3
0.534	0.741205	Green	3
0.535	0.865225	Green	3
0.536	0.927396	Green	3
0.537	0.954627	Green	3
0.538	0.954163	Green	3
0.539	0.959215	Green	3
0.54	0.961328	Green	3
0.541	0.964902	Green	3
0.542	0.969873	Green	3
0.543	0.952489	Green	3
0.544	0.961397	Green	3
0.545	0.97827	Green	3
0.546	0.977533	Green	3
0.547	0.977001	Green	3
0.548	0.980884	Green	3
0.549	0.990784	Green	3
0.55	1	Green	3
0.551	0.992264	Green	3
0.552	0.982642	Green	3
0.553	0.983832	Green	3
0.554	0.977765	Green	3
0.555	0.965081	Green	3
0.556	0.957314	Green	3
0.557	0.946245	Green	3
0.558	0.947871	Green	3
0.559	0.959038	Green	3
0.56	0.966534	Green	3
0.561	0.977656	Green	3
0.562	0.966447	Green	3
0.563	0.953399	Green	3
0.564	0.958314	Green	3
0.565	0.970039	Green	3
0.566	0.978607	Green	3
0.567	0.983397	Green	3
0.568	0.98096	Green	3
0.569	9.75E-01	Green	3
0.57	9.67E-01	Green	3
0.571	9.79E-01	Green	3
0.572	9.78E-01	Green	3
0.573	9.76E-01	Green	3
0.574	9.74E-01	Green	3
0.575	9.80E-01	Green	3
0.576	9.69E-01	Green	3
0.577	9.69E-01	Green	3
0.578	9.68E-01	Green	3
0.579	9.83E-01	Green	3
0.58	9.80E-01	Green	3
0.581	9.64E-01	Green	3
0.582	9.69E-01	Green	3
0.583	9.84E-01	Green	3
0.584	9.87E-01	Green	3
0.585	9.74E-01	Green	3
0.586	9.46E-01	Green	3
0.587	9.04E-01	Green	3
0.588	8.09E-01	Green	3
0.589	6.85E-01	Green	3
0.59	5.25E-01	Green	3
0.591	3.45E-01	Green	3
0.592	1.90E-01	Green	3
0.593	8.78E-02	Green	3
0.594	3.54E-02	Green	3
0.595	1.41E-02	Green	3
0.596	5.94E-03	Green	3
0.597	2.57E-03	Green	3
0.598	1.05E-03	Green	3
0.599	3.94E-04	Green	3
0.6	8.50E-05	Green	3
0.601	-8.40E-05	Green	3
0.602	-1.94E-04	Green	3
0.603	-2.34E-04	Green	3
0.604	-2.92E-04	Green	3
0.605	-3.07E-04	Green	3
0.606	-3.43E-04	Green	3
0.607	-0.000348	Green	3
0.608	-0.000329	Green	3
0.609	-0.000351	Green	3
0.61	-0.000317	Green	3
0.625	-0.000342	Red	4
0.626	0.00027	Red	4
0.627	0.000895	Red	4
0.628	0.00185	Red	4
0.629	0.003648	Red	4
0.63	0.007197	Red	4
0.631	0.014515	Red	4
0.632	0.030432	Red	4
0.633	0.066861	Red	4
0.634	0.148518	Red	4
0.635	0.299778	Red	4
0.636	0.526812	Red	4
0.637	0.764443	Red	4
0.638	0.905473	Red	4
0.639	0.947949	Red	4
0.64	0.950823	Red	4
0.641	0.947418	Red	4
0.642	0.951831	Red	4
0.643	0.962705	Red	4
0.644	0.975075	Red	4
0.645	0.984173	Red	4
0.646	0.983613	Red	4
0.647	0.983434	Red	4
0.648	0.982911	Red	4
0.649	0.973636	Red	4
0.65	0.959441	Red	4
0.651	0.955641	Red	4
0.652	0.955548	Red	4
0.653	0.953337	Red	4
0.654	0.956628	Red	4
0.655	0.981688	Red	4
0.656	1	Red	4
0.657	0.992388	Red	4
0.658	0.984615	Red	4
0.659	0.981568	Red	4
0.66	0.97696	Red	4
0.661	0.97298	Red	4
0.662	0.98108	Red	4
0.663	0.996804	Red	4
0.664	0.992142	Red	4
0.665	0.980678	Red	4
0.666	0.964002	Red	4
0.667	0.962154	Red	4
0.668	0.970778	Red	4
0.669	0.96718	Red	4
0.67	0.966928	Red	4
0.671	0.949928	Red	4
0.672	0.848855	Red	4
0.673	0.609359	Red	4
0.674	0.31635	Red	4
0.675	0.123946	Red	4
0.676	0.046033	Red	4
0.677	0.017702	Red	4
0.678	0.007333	Red	4
0.679	0.003205	Red	4
0.68	0.001402	Red	4
0.681	0.000554	Red	4
0.682	0.000117	Red	4
0.683	-0.000122	Red	4
0.684	-0.000289	Red	4
0.685	-0.000376	Red	4
0.686	-0.000396	Red	4
0.687	-0.000458	Red	4
0.688	-0.000488	Red	4
0.689	-0.000457	Red	4
0.69	-0.000429	Red	4
0.691	-0.000417	Red	4
0.829	-0.000034	Nir	5
0.83	0.000011	Nir	5
0.831	0.00005	Nir	5
0.832	0.0001	Nir	5
0.833	0.000239	Nir	5
0.834	0.000314	Nir	5
0.835	0.000495	Nir	5
0.836	0.000719	Nir	5
0.837	0.000986	Nir	5
0.838	0.001445	Nir	5
0.839	0.002107	Nir	5
0.84	0.00316	Nir	5
0.841	0.004744	Nir	5
0.842	0.007059	Nir	5
0.843	0.0109	Nir	5
0.844	0.017346	Nir	5
0.845	0.028332	Nir	5
0.846	0.048191	Nir	5
0.847	0.084363	Nir	5
0.848	0.145365	Nir	5
0.849	0.249733	Nir	5
0.85	0.403526	Nir	5
0.851	0.582623	Nir	5
0.852	0.745037	Nir	5
0.853	0.890315	Nir	5
0.854	0.960215	Nir	5
0.855	0.986833	Nir	5
0.856	0.973133	Nir	5
0.857	0.980606	Nir	5
0.858	0.99612	Nir	5
0.859	1	Nir	5
0.86	0.989777	Nir	5
0.861	0.980733	Nir	5
0.862	0.975935	Nir	5
0.863	0.972043	Nir	5
0.864	0.957357	Nir	5
0.865	0.951209	Nir	5
0.866	0.947044	Nir	5
0.867	0.953162	Nir	5
0.868	0.951499	Nir	5
0.869	0.94845	Nir	5
0.87	0.940094	Nir	5
0.871	0.950632	Nir	5
0.872	0.956079	Nir	5
0.873	0.96646	Nir	5
0.874	0.969821	Nir	5
0.875	0.93661	Nir	5
0.876	0.891066	Nir	5
0.877	0.788733	Nir	5
0.878	0.63532	Nir	5
0.879	0.448364	Nir	5
0.88	0.288847	Nir	5
0.881	0.174619	Nir	5
0.882	0.100343	Nir	5
0.883	0.058265	Nir	5
0.884	0.034532	Nir	5
0.885	0.02072	Nir	5
0.886	0.01244	Nir	5
0.887	0.007601	Nir	5
0.888	0.004702	Nir	5
0.889	0.002944	Nir	5
0.89	0.00187	Nir	5
0.891	0.001192	Nir	5
0.892	0.000743	Nir	5
0.893	0.000423	Nir	5
0.894	0.000241	Nir	5
0.895	0.000116	Nir	5
0.896	0.000044	Nir	5
0.897	-0.000013	Nir	5
0.898	-0.00005	Nir	5
0.899	-0.000084	Nir	5
0.9	-0.0001	Nir	5
1.515	-0.000016	swir1	6
1.516	0.000067	swir1	6
1.517	0.000151	swir1	6
1.518	0.000249	swir1	6
1.519	0.000348	swir1	6
1.52	0.000466	swir1	6
1.521	0.000585	swir1	6
1.522	0.000758	swir1	6
1.523	0.000932	swir1	6
1.524	0.00115	swir1	6
1.525	0.001369	swir1	6
1.526	0.001613	swir1	6
1.527	0.001859	swir1	6
1.528	0.002172	swir1	6
1.529	0.002488	swir1	6
1.53	0.002881	swir1	6
1.531	0.003277	swir1	6
1.532	0.003772	swir1	6
1.533	0.004271	swir1	6
1.534	0.004898	swir1	6
1.535	0.005528	swir1	6
1.536	0.006421	swir1	6
1.537	0.007319	swir1	6
1.538	0.008459	swir1	6
1.539	0.009606	swir1	6
1.54	0.010989	swir1	6
1.541	0.012372	swir1	6
1.542	0.014303	swir1	6
1.543	0.016248	swir1	6
1.544	0.019029	swir1	6
1.545	0.021831	swir1	6
1.546	0.02589	swir1	6
1.547	0.029952	swir1	6
1.548	0.035171	swir1	6
1.549	0.040434	swir1	6
1.55	0.047864	swir1	6
1.551	0.055352	swir1	6
1.552	0.065732	swir1	6
1.553	0.076166	swir1	6
1.554	0.089024	swir1	6
1.555	0.101893	swir1	6
1.556	0.12015	swir1	6
1.557	0.138642	swir1	6
1.558	0.163127	swir1	6
1.559	0.187803	swir1	6
1.56	0.220261	swir1	6
1.561	0.252894	swir1	6
1.562	0.291359	swir1	6
1.563	0.329939	swir1	6
1.564	0.375648	swir1	6
1.565	0.42147	swir1	6
1.566	0.47356	swir1	6
1.567	0.525681	swir1	6
1.568	0.578787	swir1	6
1.569	0.631645	swir1	6
1.57	0.676683	swir1	6
1.571	0.721282	swir1	6
1.572	0.75477	swir1	6
1.573	0.788248	swir1	6
1.574	0.821155	swir1	6
1.575	0.854065	swir1	6
1.576	0.87337	swir1	6
1.577	0.89183	swir1	6
1.578	0.899817	swir1	6
1.579	0.907252	swir1	6
1.58	0.913009	swir1	6
1.581	0.918685	swir1	6
1.582	0.922953	swir1	6
1.583	0.927163	swir1	6
1.584	0.92686	swir1	6
1.585	0.926413	swir1	6
1.586	0.925059	swir1	6
1.587	0.923683	swir1	6
1.588	0.923953	swir1	6
1.589	0.924259	swir1	6
1.59	0.922828	swir1	6
1.591	0.921383	swir1	6
1.592	0.922061	swir1	6
1.593	0.922756	swir1	6
1.594	0.924648	swir1	6
1.595	0.926605	swir1	6
1.596	0.934552	swir1	6
1.597	0.942525	swir1	6
1.598	0.944351	swir1	6
1.599	0.945872	swir1	6
1.6	0.946175	swir1	6
1.601	0.946432	swir1	6
1.602	0.947006	swir1	6
1.603	0.947589	swir1	6
1.604	0.950194	swir1	6
1.605	0.952859	swir1	6
1.606	0.951303	swir1	6
1.607	0.94967	swir1	6
1.608	0.953047	swir1	6
1.609	0.956494	swir1	6
1.61	0.959047	swir1	6
1.611	0.961545	swir1	6
1.612	0.960048	swir1	6
1.613	0.958335	swir1	6
1.614	0.959835	swir1	6
1.615	0.96147	swir1	6
1.616	0.960857	swir1	6
1.617	0.960175	swir1	6
1.618	0.960813	swir1	6
1.619	0.961486	swir1	6
1.62	0.964703	swir1	6
1.621	0.967943	swir1	6
1.622	0.969314	swir1	6
1.623	0.970589	swir1	6
1.624	0.973713	swir1	6
1.625	0.976906	swir1	6
1.626	0.9791	swir1	6
1.627	0.981258	swir1	6
1.628	0.981285	swir1	6
1.629	0.981372	swir1	6
1.63	0.988609	swir1	6
1.631	0.995869	swir1	6
1.632	0.998021	swir1	6
1.633	1	swir1	6
1.634	0.999848	swir1	6
1.635	0.999642	swir1	6
1.636	0.99659	swir1	6
1.637	0.993439	swir1	6
1.638	0.986217	swir1	6
1.639	0.978989	swir1	6
1.64	0.967125	swir1	6
1.641	0.95512	swir1	6
1.642	0.936199	swir1	6
1.643	0.917239	swir1	6
1.644	0.879424	swir1	6
1.645	0.840967	swir1	6
1.646	0.796545	swir1	6
1.647	0.751893	swir1	6
1.648	0.694313	swir1	6
1.649	0.636542	swir1	6
1.65	0.573232	swir1	6
1.651	0.509946	swir1	6
1.652	0.451966	swir1	6
1.653	0.39403	swir1	6
1.654	0.34275	swir1	6
1.655	0.291752	swir1	6
1.656	0.251309	swir1	6
1.657	0.211153	swir1	6
1.658	0.180823	swir1	6
1.659	0.15054	swir1	6
1.66	0.128463	swir1	6
1.661	0.106664	swir1	6
1.662	0.090735	swir1	6
1.663	0.074941	swir1	6
1.664	0.06379	swir1	6
1.665	0.052752	swir1	6
1.666	0.045028	swir1	6
1.667	0.03731	swir1	6
1.668	0.031821	swir1	6
1.669	0.02635	swir1	6
1.67	0.022504	swir1	6
1.671	0.018724	swir1	6
1.672	0.016045	swir1	6
1.673	0.013394	swir1	6
1.674	0.011483	swir1	6
1.675	0.009587	swir1	6
1.676	0.008227	swir1	6
1.677	0.006882	swir1	6
1.678	0.00591	swir1	6
1.679	0.00494	swir1	6
1.68	0.004257	swir1	6
1.681	0.003576	swir1	6
1.682	0.003055	swir1	6
1.683	0.002541	swir1	6
1.684	0.00216	swir1	6
1.685	0.001781	swir1	6
1.686	0.001512	swir1	6
1.687	0.001244	swir1	6
1.688	0.00104	swir1	6
1.689	0.000837	swir1	6
1.69	0.000677	swir1	6
1.691	0.000517	swir1	6
1.692	0.000409	swir1	6
1.693	0.000301	swir1	6
1.694	0.000206	swir1	6
1.695	0.000112	swir1	6
1.696	0.00004	swir1	6
1.697	-0.000031	swir1	6
2.037	-0.00001	swir2	7
2.038	0.000037	swir2	7
2.039	0.000083	swir2	7
2.04	0.000131	swir2	7
2.041	0.000179	swir2	7
2.042	0.00024	swir2	7
2.043	0.000305	swir2	7
2.044	0.000368	swir2	7
2.045	0.00043	swir2	7
2.046	0.000512	swir2	7
2.047	0.000599	swir2	7
2.048	0.000704	swir2	7
2.049	0.000814	swir2	7
2.05	0.000947	swir2	7
2.051	0.001085	swir2	7
2.052	0.001222	swir2	7
2.053	0.00136	swir2	7
2.054	0.001546	swir2	7
2.055	0.001745	swir2	7
2.056	0.001964	swir2	7
2.057	0.002187	swir2	7
2.058	0.002439	swir2	7
2.059	0.002696	swir2	7
2.06	0.00301	swir2	7
2.061	0.003339	swir2	7
2.062	0.003733	swir2	7
2.063	0.004141	swir2	7
2.064	0.004627	swir2	7
2.065	0.005137	swir2	7
2.066	0.005728	swir2	7
2.067	0.006337	swir2	7
2.068	0.007139	swir2	7
2.069	0.007996	swir2	7
2.07	0.008903	swir2	7
2.071	0.009824	swir2	7
2.072	0.011005	swir2	7
2.073	0.012261	swir2	7
2.074	0.01361	swir2	7
2.075	0.014987	swir2	7
2.076	0.016872	swir2	7
2.077	0.018899	swir2	7
2.078	0.021	swir2	7
2.079	0.023121	swir2	7
2.08	0.025897	swir2	7
2.081	0.028847	swir2	7
2.082	0.032071	swir2	7
2.083	0.035363	swir2	7
2.084	0.040206	swir2	7
2.085	0.045432	swir2	7
2.086	0.050903	swir2	7
2.087	0.056429	swir2	7
2.088	0.06327	swir2	7
2.089	0.070409	swir2	7
2.09	0.079382	swir2	7
2.091	0.088907	swir2	7
2.092	0.10064	swir2	7
2.093	0.11283	swir2	7
2.094	0.128292	swir2	7
2.095	0.144668	swir2	7
2.096	0.162055	swir2	7
2.097	0.179714	swir2	7
2.098	0.20278	swir2	7
2.099	0.227234	swir2	7
2.1	0.253732	swir2	7
2.101	0.280925	swir2	7
2.102	0.311347	swir2	7
2.103	0.342526	swir2	7
2.104	0.377044	swir2	7
2.105	0.412621	swir2	7
2.106	0.45047	swir2	7
2.107	0.488816	swir2	7
2.108	0.522458	swir2	7
2.109	0.554715	swir2	7
2.11	0.593227	swir2	7
2.111	0.633521	swir2	7
2.112	0.663067	swir2	7
2.113	0.689664	swir2	7
2.114	0.722284	swir2	7
2.115	0.756529	swir2	7
2.116	0.776463	swir2	7
2.117	0.792667	swir2	7
2.118	0.813716	swir2	7
2.119	0.836001	swir2	7
2.12	0.846344	swir2	7
2.121	0.853714	swir2	7
2.122	0.867845	swir2	7
2.123	0.883615	swir2	7
2.124	0.886411	swir2	7
2.125	0.886127	swir2	7
2.126	0.895232	swir2	7
2.127	0.906527	swir2	7
2.128	0.909739	swir2	7
2.129	0.911091	swir2	7
2.13	0.917985	swir2	7
2.131	0.926131	swir2	7
2.132	0.929693	swir2	7
2.133	0.932227	swir2	7
2.134	0.936544	swir2	7
2.135	0.941406	swir2	7
2.136	0.942571	swir2	7
2.137	0.942952	swir2	7
2.138	0.943112	swir2	7
2.139	0.943194	swir2	7
2.14	0.945168	swir2	7
2.141	0.947537	swir2	7
2.142	0.948776	swir2	7
2.143	0.949694	swir2	7
2.144	0.949643	swir2	7
2.145	0.9494	swir2	7
2.146	0.952551	swir2	7
2.147	0.956635	swir2	7
2.148	0.953083	swir2	7
2.149	0.947423	swir2	7
2.15	0.949094	swir2	7
2.151	0.952773	swir2	7
2.152	0.950874	swir2	7
2.153	0.947477	swir2	7
2.154	0.947014	swir2	7
2.155	0.947085	swir2	7
2.156	0.951812	swir2	7
2.157	0.957717	swir2	7
2.158	0.953332	swir2	7
2.159	0.946412	swir2	7
2.16	0.947778	swir2	7
2.161	0.951119	swir2	7
2.162	0.951641	swir2	7
2.163	0.951518	swir2	7
2.164	0.948644	swir2	7
2.165	0.944956	swir2	7
2.166	0.942515	swir2	7
2.167	0.940311	swir2	7
2.168	0.9434	swir2	7
2.169	0.947923	swir2	7
2.17	0.94501	swir2	7
2.171	0.940213	swir2	7
2.172	0.938737	swir2	7
2.173	0.93806	swir2	7
2.174	0.941859	swir2	7
2.175	0.947019	swir2	7
2.176	0.946554	swir2	7
2.177	0.944482	swir2	7
2.178	0.947414	swir2	7
2.179	0.951661	swir2	7
2.18	0.949283	swir2	7
2.181	0.945318	swir2	7
2.182	0.939939	swir2	7
2.183	0.934142	swir2	7
2.184	0.935493	swir2	7
2.185	0.93882	swir2	7
2.186	0.939253	swir2	7
2.187	0.938955	swir2	7
2.188	0.934675	swir2	7
2.189	0.929162	swir2	7
2.19	0.927085	swir2	7
2.191	0.925692	swir2	7
2.192	0.930508	swir2	7
2.193	0.936899	swir2	7
2.194	0.933908	swir2	7
2.195	0.927984	swir2	7
2.196	0.930981	swir2	7
2.197	0.936472	swir2	7
2.198	0.935776	swir2	7
2.199	0.933523	swir2	7
2.2	0.935132	swir2	7
2.201	0.937592	swir2	7
2.202	0.946217	swir2	7
2.203	0.956567	swir2	7
2.204	0.955661	swir2	7
2.205	0.951991	swir2	7
2.206	0.956666	swir2	7
2.207	0.963135	swir2	7
2.208	0.964442	swir2	7
2.209	0.964365	swir2	7
2.21	0.963523	swir2	7
2.211	0.962434	swir2	7
2.212	0.962905	swir2	7
2.213	0.963685	swir2	7
2.214	0.962473	swir2	7
2.215	0.960741	swir2	7
2.216	0.959239	swir2	7
2.217	0.957814	swir2	7
2.218	0.957781	swir2	7
2.219	0.958041	swir2	7
2.22	0.953274	swir2	7
2.221	0.94716	swir2	7
2.222	0.951706	swir2	7
2.223	0.958833	swir2	7
2.224	0.960212	swir2	7
2.225	0.960339	swir2	7
2.226	0.954785	swir2	7
2.227	0.947696	swir2	7
2.228	0.951965	swir2	7
2.229	0.95906	swir2	7
2.23	0.960554	swir2	7
2.231	0.960764	swir2	7
2.232	0.95575	swir2	7
2.233	0.949261	swir2	7
2.234	0.953245	swir2	7
2.235	0.95997	swir2	7
2.236	0.963736	swir2	7
2.237	0.966786	swir2	7
2.238	0.964315	swir2	7
2.239	0.960173	swir2	7
2.24	0.965473	swir2	7
2.241	0.973416	swir2	7
2.242	0.977637	swir2	7
2.243	0.980904	swir2	7
2.244	0.98276	swir2	7
2.245	0.984155	swir2	7
2.246	0.984693	swir2	7
2.247	0.985056	swir2	7
2.248	0.991486	swir2	7
2.249	0.9996	swir2	7
2.25	0.997654	swir2	7
2.251	0.993153	swir2	7
2.252	0.992469	swir2	7
2.253	0.992675	swir2	7
2.254	0.995894	swir2	7
2.255	1	swir2	7
2.256	0.999279	swir2	7
2.257	0.997261	swir2	7
2.258	0.994356	swir2	7
2.259	0.991127	swir2	7
2.26	0.987747	swir2	7
2.261	0.984349	swir2	7
2.262	0.986037	swir2	7
2.263	0.989132	swir2	7
2.264	0.984536	swir2	7
2.265	0.978024	swir2	7
2.266	0.975019	swir2	7
2.267	0.972794	swir2	7
2.268	0.974168	swir2	7
2.269	0.97654	swir2	7
2.27	0.976199	swir2	7
2.271	0.975206	swir2	7
2.272	0.974409	swir2	7
2.273	0.973662	swir2	7
2.274	0.967502	swir2	7
2.275	0.959895	swir2	7
2.276	0.956943	swir2	7
2.277	0.955095	swir2	7
2.278	0.955085	swir2	7
2.279	0.955588	swir2	7
2.28	0.947195	swir2	7
2.281	0.93665	swir2	7
2.282	0.922405	swir2	7
2.283	0.907109	swir2	7
2.284	0.89494	swir2	7
2.285	0.883588	swir2	7
2.286	0.855489	swir2	7
2.287	0.823876	swir2	7
2.288	0.78488	swir2	7
2.289	0.744025	swir2	7
2.29	0.69852	swir2	7
2.291	0.651673	swir2	7
2.292	0.602539	swir2	7
2.293	0.552647	swir2	7
2.294	0.502693	swir2	7
2.295	0.452698	swir2	7
2.296	0.403993	swir2	7
2.297	0.355569	swir2	7
2.298	0.315712	swir2	7
2.299	0.27826	swir2	7
2.3	0.244645	swir2	7
2.301	0.212213	swir2	7
2.302	0.186151	swir2	7
2.303	0.161749	swir2	7
2.304	0.141435	swir2	7
2.305	0.122015	swir2	7
2.306	0.106531	swir2	7
2.307	0.092029	swir2	7
2.308	0.080268	swir2	7
2.309	0.069276	swir2	7
2.31	0.060703	swir2	7
2.311	0.052702	swir2	7
2.312	0.046332	swir2	7
2.313	0.040405	swir2	7
2.314	0.035634	swir2	7
2.315	0.031213	swir2	7
2.316	0.027516	swir2	7
2.317	0.024	swir2	7
2.318	0.021262	swir2	7
2.319	0.018688	swir2	7
2.32	0.016562	swir2	7
2.321	0.014545	swir2	7
2.322	0.01293	swir2	7
2.323	0.011426	swir2	7
2.324	0.010155	swir2	7
2.325	0.008959	swir2	7
2.326	0.007992	swir2	7
2.327	0.007088	swir2	7
2.328	0.006348	swir2	7
2.329	0.005643	swir2	7
2.33	0.005019	swir2	7
2.331	0.004415	swir2	7
2.332	0.003903	swir2	7
2.333	0.003421	swir2	7
2.334	0.003025	swir2	7
2.335	0.002651	swir2	7
2.336	0.00234	swir2	7
2.337	0.002047	swir2	7
2.338	0.001795	swir2	7
2.339	0.001554	swir2	7
2.34	0.001345	swir2	7
2.341	0.001145	swir2	7
2.342	0.000974	swir2	7
2.343	0.000811	swir2	7
2.344	0.00068	swir2	7
2.345	0.00056	swir2	7
2.346	0.00044	swir2	7
2.347	0.00032	swir2	7
2.348	0.000217	swir2	7
2.349	0.000119	swir2	7
2.35	0.000028	swir2	7
2.351	-0.000062	swir2	7
2.352	-0.000134	swir2	7
2.353	-0.000202	swir2	7
2.354	-0.000263	swir2	7
2.355	-0.000322	swir2	7
0.488	0.000216	Pan	8
0.489	0.000514	Pan	8
0.49	0.001013	Pan	8
0.491	0.001587	Pan	8
0.492	0.002619	Pan	8
0.493	0.003841	Pan	8
0.494	0.006195	Pan	8
0.495	0.009003	Pan	8
0.496	0.015515	Pan	8
0.497	0.02327	Pan	8
0.498	0.042723	Pan	8
0.499	0.066556	Pan	8
0.5	0.124269	Pan	8
0.501	0.196006	Pan	8
0.502	0.323232	Pan	8
0.503	0.472496	Pan	8
0.504	5.98E-01	Pan	8
0.505	7.15E-01	Pan	8
0.506	7.76E-01	Pan	8
0.507	8.17E-01	Pan	8
0.508	8.32E-01	Pan	8
0.509	8.38E-01	Pan	8
0.51	8.49E-01	Pan	8
0.511	8.62E-01	Pan	8
0.512	8.63E-01	Pan	8
0.513	8.60E-01	Pan	8
0.514	8.59E-01	Pan	8
0.515	8.58E-01	Pan	8
0.516	8.57E-01	Pan	8
0.517	8.56E-01	Pan	8
0.518	8.58E-01	Pan	8
0.519	8.63E-01	Pan	8
0.52	8.61E-01	Pan	8
0.521	8.56E-01	Pan	8
0.522	8.53E-01	Pan	8
0.523	8.50E-01	Pan	8
0.524	8.53E-01	Pan	8
0.525	8.57E-01	Pan	8
0.526	8.59E-01	Pan	8
0.527	8.60E-01	Pan	8
0.528	8.62E-01	Pan	8
0.529	8.63E-01	Pan	8
0.53	8.60E-01	Pan	8
0.531	8.55E-01	Pan	8
0.532	8.64E-01	Pan	8
0.533	8.79E-01	Pan	8
0.534	8.86E-01	Pan	8
0.535	8.89E-01	Pan	8
0.536	8.95E-01	Pan	8
0.537	9.02E-01	Pan	8
0.538	9.06E-01	Pan	8
0.539	9.09E-01	Pan	8
0.54	9.12E-01	Pan	8
0.541	9.14E-01	Pan	8
0.542	9.10E-01	Pan	8
0.543	0.902939	Pan	8
0.544	0.908919	Pan	8
0.545	0.919859	Pan	8
0.546	0.92162	Pan	8
0.547	0.919456	Pan	8
0.548	0.91302	Pan	8
0.549	0.905134	Pan	8
0.55	0.892702	Pan	8
0.551	0.878599	Pan	8
0.552	0.876838	Pan	8
0.553	0.879443	Pan	8
0.554	0.878303	Pan	8
0.555	0.875692	Pan	8
0.556	0.872666	Pan	8
0.557	0.869478	Pan	8
0.558	0.875361	Pan	8
0.559	0.884759	Pan	8
0.56	0.889903	Pan	8
0.561	0.893427	Pan	8
0.562	0.885948	Pan	8
0.563	0.874097	Pan	8
0.564	0.875674	Pan	8
0.565	0.882402	Pan	8
0.566	0.891375	Pan	8
0.567	0.901194	Pan	8
0.568	0.903528	Pan	8
0.569	0.902826	Pan	8
0.57	0.907551	Pan	8
0.571	0.91435	Pan	8
0.572	0.914932	Pan	8
0.573	0.91319	Pan	8
0.574	0.915508	Pan	8
0.575	0.919554	Pan	8
0.576	0.920802	Pan	8
0.577	0.92104	Pan	8
0.578	0.924431	Pan	8
0.579	0.929105	Pan	8
0.58	0.930068	Pan	8
0.581	0.929551	Pan	8
0.582	0.937549	Pan	8
0.583	0.948863	Pan	8
0.584	0.947084	Pan	8
0.585	0.940273	Pan	8
0.586	0.940813	Pan	8
0.587	0.944136	Pan	8
0.588	0.945674	Pan	8
0.589	0.946566	Pan	8
0.59	0.942462	Pan	8
0.591	0.936298	Pan	8
0.592	0.939621	Pan	8
0.593	0.946659	Pan	8
0.594	0.942374	Pan	8
0.595	0.933839	Pan	8
0.596	0.93425	Pan	8
0.597	0.93784	Pan	8
0.598	0.940838	Pan	8
0.599	0.943626	Pan	8
0.6	0.952415	Pan	8
0.601	0.963664	Pan	8
0.602	0.967381	Pan	8
0.603	0.968241	Pan	8
0.604	0.968233	Pan	8
0.605	0.967878	Pan	8
0.606	0.965083	Pan	8
0.607	0.961367	Pan	8
0.608	0.957232	Pan	8
0.609	0.952939	Pan	8
0.61	0.949345	Pan	8
0.611	0.946006	Pan	8
0.612	0.948081	Pan	8
0.613	0.952465	Pan	8
0.614	0.954526	Pan	8
0.615	0.955814	Pan	8
0.616	0.959149	Pan	8
0.617	0.963216	Pan	8
0.618	0.964158	Pan	8
0.619	0.963953	Pan	8
0.62	0.965943	Pan	8
0.621	0.968789	Pan	8
0.622	0.972688	Pan	8
0.623	0.977026	Pan	8
0.624	0.978028	Pan	8
0.625	0.977901	Pan	8
0.626	0.974158	Pan	8
0.627	0.969078	Pan	8
0.628	0.969583	Pan	8
0.629	0.972297	Pan	8
0.63	0.972906	Pan	8
0.631	0.972708	Pan	8
0.632	0.969732	Pan	8
0.633	0.96578	Pan	8
0.634	0.965561	Pan	8
0.635	0.966835	Pan	8
0.636	0.966641	Pan	8
0.637	0.965899	Pan	8
0.638	0.972067	Pan	8
0.639	0.981077	Pan	8
0.64	0.980971	Pan	8
0.641	0.977722	Pan	8
0.642	0.974405	Pan	8
0.643	0.971123	Pan	8
0.644	0.963139	Pan	8
0.645	0.95326	Pan	8
0.646	0.953494	Pan	8
0.647	0.957536	Pan	8
0.648	0.963851	Pan	8
0.649	0.970928	Pan	8
0.65	0.969453	Pan	8
0.651	0.96475	Pan	8
0.652	0.966541	Pan	8
0.653	0.970613	Pan	8
0.654	0.973941	Pan	8
0.655	0.977055	Pan	8
0.656	0.982894	Pan	8
0.657	0.98977	Pan	8
0.658	0.988302	Pan	8
0.659	0.983542	Pan	8
0.66	0.987968	Pan	8
0.661	0.995538	Pan	8
0.662	0.998579	Pan	8
0.663	1	Pan	8
0.664	0.99981	Pan	8
0.665	0.999061	Pan	8
0.666	0.997891	Pan	8
0.667	0.99658	Pan	8
0.668	0.992555	Pan	8
0.669	0.987369	Pan	8
0.67	0.985862	Pan	8
0.671	0.985761	Pan	8
0.672	0.955679	Pan	8
0.673	0.913945	Pan	8
0.674	0.78014	Pan	8
0.675	0.610197	Pan	8
0.676	0.438556	Pan	8
0.677	0.266714	Pan	8
0.678	0.167313	Pan	8
0.679	0.094013	Pan	8
0.68	0.057564	Pan	8
0.681	0.034787	Pan	8
0.682	0.022882	Pan	8
0.683	0.015178	Pan	8
0.684	0.010755	Pan	8
0.685	0.007663	Pan	8
0.686	0.005756	Pan	8
0.687	0.004292	Pan	8
0.688	0.00322	Pan	8
0.689	0.002283	Pan	8
0.69	0.001545	Pan	8
0.691	0.000879	Pan	8
0.692	0.000214	Pan	8
