L9/OLI2 RSR			
converted to text file			
source: https://landsat.gsfc.nasa.gov/satellites/landsat-9/landsat-9-instruments/oli-2-design/oli-2-relative-spectral-response/			
datasets: wavelength, rsr, band			
wavelength	rsr	band	id
0.427	3.68E-04	CA	1
0.428	7.22E-04	CA	1
0.429	2.06E-03	CA	1
0.43	3.61E-03	CA	1
0.431	8.77E-03	CA	1
0.432	2.22E-02	CA	1
0.433	7.98E-02	CA	1
0.434	2.34E-01	CA	1
0.435	4.96E-01	CA	1
0.436	7.65E-01	CA	1
0.437	9.38E-01	CA	1
0.438	9.76E-01	CA	1
0.439	9.86E-01	CA	1
0.44	9.95E-01	CA	1
0.441	9.88E-01	CA	1
0.442	9.71E-01	CA	1
0.443	9.67E-01	CA	1
0.444	9.76E-01	CA	1
0.445	9.83E-01	CA	1
0.446	0.98891443	CA	1
0.447	1	CA	1
0.448	0.98661834	CA	1
0.449	0.87390488	CA	1
0.45	0.64063799	CA	1
0.451	0.33599678	CA	1
0.452	0.13211244	CA	1
0.453	0.04911467	CA	1
0.454	0.01938601	CA	1
0.455	0.00847867	CA	1
0.456	0.00360224	CA	1
0.457	0.00169454	CA	1
0.458	0.00077237	CA	1
0.459	0.00036698	CA	1
0.436	0.0000641	Blue	2
0.437	0.0000879	Blue	2
0.438	0.00012288	Blue	2
0.439	0.00017756	Blue	2
0.44	0.00026465	Blue	2
0.441	0.00040609	Blue	2
0.442	0.00064757	Blue	2
0.443	0.0010627	Blue	2
0.444	0.00180834	Blue	2
0.445	0.00423224	Blue	2
0.446	0.00733809	Blue	2
0.447	0.0132065	Blue	2
0.448	0.02738087	Blue	2
0.449	0.06140049	Blue	2
0.45	0.12810045	Blue	2
0.451	0.28426054	Blue	2
0.452	0.52622634	Blue	2
0.453	0.75461823	Blue	2
0.454	0.85015893	Blue	2
0.455	0.87050748	Blue	2
0.456	0.87301528	Blue	2
0.457	0.87386012	Blue	2
0.458	0.87411314	Blue	2
0.459	0.87535989	Blue	2
0.46	0.87936622	Blue	2
0.461	0.88182181	Blue	2
0.462	0.88110375	Blue	2
0.463	0.88239449	Blue	2
0.464	0.88807994	Blue	2
0.465	0.89365971	Blue	2
0.466	0.89804703	Blue	2
0.467	0.90057266	Blue	2
0.468	0.89131784	Blue	2
0.469	0.86657351	Blue	2
0.47	0.8358435	Blue	2
0.471	0.81551754	Blue	2
0.472	0.8177281	Blue	2
0.473	0.83361632	Blue	2
0.474	0.85324347	Blue	2
0.475	0.86751264	Blue	2
0.476	0.87968469	Blue	2
0.477	0.8864091	Blue	2
0.478	0.89245307	Blue	2
0.479	0.90207016	Blue	2
0.48	0.91684681	Blue	2
0.481	0.93018711	Blue	2
0.482	0.93724215	Blue	2
0.483	0.94008964	Blue	2
0.484	0.94266725	Blue	2
0.485	0.94259858	Blue	2
0.486	0.94212455	Blue	2
0.487	0.94310826	Blue	2
0.488	0.94514865	Blue	2
0.489	0.94699287	Blue	2
0.49	0.94705468	Blue	2
0.491	0.94369674	Blue	2
0.492	0.92798311	Blue	2
0.493	0.90826762	Blue	2
0.494	0.89631408	Blue	2
0.495	0.90117168	Blue	2
0.496	0.92790043	Blue	2
0.497	0.95433879	Blue	2
0.498	0.95914739	Blue	2
0.499	0.94807255	Blue	2
0.5	0.95188999	Blue	2
0.501	0.96618539	Blue	2
0.502	0.98983949	Blue	2
0.503	1	Blue	2
0.504	0.98322678	Blue	2
0.505	0.95298815	Blue	2
0.506	0.92356867	Blue	2
0.507	0.91930556	Blue	2
0.508	0.94349515	Blue	2
0.509	0.95687258	Blue	2
0.51	0.92322963	Blue	2
0.511	0.79937828	Blue	2
0.512	0.41356644	Blue	2
0.513	0.11275553	Blue	2
0.514	0.03274055	Blue	2
0.515	0.01292293	Blue	2
0.516	0.00580021	Blue	2
0.517	0.00378357	Blue	2
0.518	0.00263001	Blue	2
0.519	0.00204936	Blue	2
0.52	0.0016022	Blue	2
0.521	0.00113626	Blue	2
0.522	0.00072538	Blue	2
0.523	0.00045327	Blue	2
0.524	0.00030357	Blue	2
0.525	0.00022787	Blue	2
0.526	0.00019309	Blue	2
0.527	0.00018524	Blue	2
0.528	0.00019598	Blue	2
0.529	0.00021502	Blue	2
0.53	0.00022982	Blue	2
0.512	0.00032837	Green	3
0.513	0.00040286	Green	3
0.514	0.0004889	Green	3
0.515	0.00058934	Green	3
0.516	0.00071741	Green	3
0.517	0.00087833	Green	3
0.518	0.00109091	Green	3
0.519	0.00138202	Green	3
0.52	0.00179561	Green	3
0.521	0.0031737	Green	3
0.522	0.0043149	Green	3
0.523	0.00613501	Green	3
0.524	0.00918434	Green	3
0.525	0.01332811	Green	3
0.526	0.02006346	Green	3
0.527	0.03120767	Green	3
0.528	0.04959156	Green	3
0.529	0.0839209	Green	3
0.53	0.14227405	Green	3
0.531	0.23764506	Green	3
0.532	0.38256499	Green	3
0.533	0.52805549	Green	3
0.534	0.72555327	Green	3
0.535	0.86100316	Green	3
0.536	0.91004026	Green	3
0.537	0.951415	Green	3
0.538	0.96025926	Green	3
0.539	0.96094787	Green	3
0.54	0.95796889	Green	3
0.541	0.95961404	Green	3
0.542	0.96103942	Green	3
0.543	0.96782357	Green	3
0.544	0.9674781	Green	3
0.545	0.97103971	Green	3
0.546	0.97596765	Green	3
0.547	0.96995008	Green	3
0.548	0.96583647	Green	3
0.549	0.96272808	Green	3
0.55	0.97035348	Green	3
0.551	0.97657537	Green	3
0.552	0.98478532	Green	3
0.553	0.9922418	Green	3
0.554	0.99788576	Green	3
0.555	0.99755067	Green	3
0.556	0.99513662	Green	3
0.557	0.99290431	Green	3
0.558	0.99221069	Green	3
0.559	0.99147564	Green	3
0.56	0.99039567	Green	3
0.561	0.98744887	Green	3
0.562	0.98513204	Green	3
0.563	0.98482645	Green	3
0.564	0.98690718	Green	3
0.565	0.99114877	Green	3
0.566	0.99476624	Green	3
0.567	9.94E-01	Green	3
0.568	9.91E-01	Green	3
0.569	9.87E-01	Green	3
0.57	9.84E-01	Green	3
0.571	9.83E-01	Green	3
0.572	9.87E-01	Green	3
0.573	9.92E-01	Green	3
0.574	9.96E-01	Green	3
0.575	9.99E-01	Green	3
0.576	1.00E+00	Green	3
0.577	9.99E-01	Green	3
0.578	9.98E-01	Green	3
0.579	9.96E-01	Green	3
0.58	9.89E-01	Green	3
0.581	9.74E-01	Green	3
0.582	9.49E-01	Green	3
0.583	9.35E-01	Green	3
0.584	9.29E-01	Green	3
0.585	9.32E-01	Green	3
0.586	9.27E-01	Green	3
0.587	8.64E-01	Green	3
0.588	7.11E-01	Green	3
0.589	5.16E-01	Green	3
0.59	3.45E-01	Green	3
0.591	2.16E-01	Green	3
0.592	1.21E-01	Green	3
0.593	5.83E-02	Green	3
0.594	2.69E-02	Green	3
0.595	1.24E-02	Green	3
0.596	6.08E-03	Green	3
0.597	3.77E-03	Green	3
0.598	2.02E-03	Green	3
0.599	1.15E-03	Green	3
0.6	6.93E-04	Green	3
0.601	4.41E-04	Green	3
0.602	2.96E-04	Green	3
0.603	2.11E-04	Green	3
0.604	1.60E-04	Green	3
0.605	0.00012726	Green	3
0.606	0.00010823	Green	3
0.607	0.00009787	Green	3
0.608	0.0000954	Green	3
0.609	0.00010035	Green	3
0.61	0.00011262	Green	3
0.625	0.00052217	Red	4
0.626	0.00080255	Red	4
0.627	0.00127569	Red	4
0.628	0.00211028	Red	4
0.629	0.00370259	Red	4
0.63	0.00813655	Red	4
0.631	0.01448322	Red	4
0.632	0.02730471	Red	4
0.633	0.06150362	Red	4
0.634	0.12960456	Red	4
0.635	0.27599216	Red	4
0.636	0.50833505	Red	4
0.637	0.77823377	Red	4
0.638	0.93229699	Red	4
0.639	0.96630949	Red	4
0.64	0.98264039	Red	4
0.641	0.98610568	Red	4
0.642	0.98616272	Red	4
0.643	0.98130625	Red	4
0.644	0.97365528	Red	4
0.645	0.96917254	Red	4
0.646	0.97131443	Red	4
0.647	0.98079836	Red	4
0.648	0.99271876	Red	4
0.649	1	Red	4
0.65	0.99686712	Red	4
0.651	0.98542011	Red	4
0.652	0.97099334	Red	4
0.653	0.96106452	Red	4
0.654	0.96065092	Red	4
0.655	0.96868747	Red	4
0.656	0.98070163	Red	4
0.657	0.98551208	Red	4
0.658	0.98893887	Red	4
0.659	0.98082989	Red	4
0.66	0.96791947	Red	4
0.661	0.96308017	Red	4
0.662	0.9632839	Red	4
0.663	0.97127014	Red	4
0.664	0.98161477	Red	4
0.665	0.98756588	Red	4
0.666	0.98632258	Red	4
0.667	0.98053038	Red	4
0.668	0.9798553	Red	4
0.669	0.98061383	Red	4
0.67	0.96493137	Red	4
0.671	0.85955077	Red	4
0.672	0.66807359	Red	4
0.673	0.41698042	Red	4
0.674	0.21568851	Red	4
0.675	0.10535625	Red	4
0.676	0.05208358	Red	4
0.677	0.02525648	Red	4
0.678	0.01293051	Red	4
0.679	0.0067002	Red	4
0.68	0.00366779	Red	4
0.681	0.00210889	Red	4
0.682	0.00125278	Red	4
0.683	0.00098495	Red	4
0.684	0.00070233	Red	4
0.685	0.00054765	Red	4
0.686	0.00040268	Red	4
0.687	0.00034113	Red	4
0.688	0.00027893	Red	4
0.689	0.00026856	Red	4
0.69	0.00016362	Red	4
0.691	0.00013298	Red	4
0.829	0.00045004	Nir	5
0.83	0.00047554	Nir	5
0.831	0.0005924	Nir	5
0.832	0.00071486	Nir	5
0.833	0.00083731	Nir	5
0.834	0.00095976	Nir	5
0.835	0.00108221	Nir	5
0.836	0.00124527	Nir	5
0.837	0.00159663	Nir	5
0.838	0.00209522	Nir	5
0.839	0.00282196	Nir	5
0.84	0.00389035	Nir	5
0.841	0.00557772	Nir	5
0.842	0.00840453	Nir	5
0.843	0.0121997	Nir	5
0.844	0.01910023	Nir	5
0.845	0.03112408	Nir	5
0.846	0.0518628	Nir	5
0.847	0.09260266	Nir	5
0.848	0.1572693	Nir	5
0.849	0.27197644	Nir	5
0.85	0.44460031	Nir	5
0.851	0.64932525	Nir	5
0.852	0.83474088	Nir	5
0.853	0.94093359	Nir	5
0.854	0.98152208	Nir	5
0.855	0.99064982	Nir	5
0.856	0.98923784	Nir	5
0.857	0.98816001	Nir	5
0.858	0.98943096	Nir	5
0.859	0.99220061	Nir	5
0.86	0.99498791	Nir	5
0.861	0.99694198	Nir	5
0.862	0.99800861	Nir	5
0.863	0.99821723	Nir	5
0.864	0.99814546	Nir	5
0.865	0.99809587	Nir	5
0.866	0.99818242	Nir	5
0.867	0.99900395	Nir	5
0.868	0.99929279	Nir	5
0.869	0.99940193	Nir	5
0.87	0.99973387	Nir	5
0.871	0.9998185	Nir	5
0.872	1	Nir	5
0.873	0.9999913	Nir	5
0.874	0.99643683	Nir	5
0.875	0.97451699	Nir	5
0.876	0.9297142	Nir	5
0.877	0.83448619	Nir	5
0.878	0.68116772	Nir	5
0.879	0.49675167	Nir	5
0.88	0.31920305	Nir	5
0.881	0.19073001	Nir	5
0.882	0.11139899	Nir	5
0.883	0.06462797	Nir	5
0.884	0.03681539	Nir	5
0.885	0.02192838	Nir	5
0.886	0.01321336	Nir	5
0.887	0.00764328	Nir	5
0.888	0.00490463	Nir	5
0.889	0.00311586	Nir	5
0.89	0.00199918	Nir	5
0.891	0.00132245	Nir	5
0.892	0.00088339	Nir	5
0.893	0.00059439	Nir	5
0.894	0.00041175	Nir	5
0.895	0.00032689	Nir	5
0.896	0.00026968	Nir	5
0.897	0.00021248	Nir	5
0.898	0.00015527	Nir	5
0.899	0.00009807	Nir	5
0.9	0.00007605	Nir	5
1.515	0.00102868	swir1	6
1.516	0.00111525	swir1	6
1.517	0.00121016	swir1	6
1.518	0.0013186	swir1	6
1.519	0.00144451	swir1	6
1.52	0.00158035	swir1	6
1.521	0.00173374	swir1	6
1.522	0.00192254	swir1	6
1.523	0.00212096	swir1	6
1.524	0.00232666	swir1	6
1.525	0.00257729	swir1	6
1.526	0.00287014	swir1	6
1.527	0.00318403	swir1	6
1.528	0.00355008	swir1	6
1.529	0.00395633	swir1	6
1.53	0.00441957	swir1	6
1.531	0.00496607	swir1	6
1.532	0.00552726	swir1	6
1.533	0.00624686	swir1	6
1.534	0.00699085	swir1	6
1.535	0.00791399	swir1	6
1.536	0.00878794	swir1	6
1.537	0.0095772	swir1	6
1.538	0.01062994	swir1	6
1.539	0.01208038	swir1	6
1.54	0.01363731	swir1	6
1.541	0.01564604	swir1	6
1.542	0.01773277	swir1	6
1.543	0.02050976	swir1	6
1.544	0.02335322	swir1	6
1.545	0.02701552	swir1	6
1.546	0.03067782	swir1	6
1.547	0.03585456	swir1	6
1.548	0.04147628	swir1	6
1.549	0.04862727	swir1	6
1.55	0.05693988	swir1	6
1.551	0.0665569	swir1	6
1.552	0.07723074	swir1	6
1.553	0.08889236	swir1	6
1.554	0.10460974	swir1	6
1.555	0.12268095	swir1	6
1.556	0.1425285	swir1	6
1.557	0.16716501	swir1	6
1.558	0.19407988	swir1	6
1.559	0.22691402	swir1	6
1.56	0.26105624	swir1	6
1.561	0.30004618	swir1	6
1.562	0.33936566	swir1	6
1.563	0.38840884	swir1	6
1.564	0.43883842	swir1	6
1.565	0.49500111	swir1	6
1.566	0.54953849	swir1	6
1.567	0.60172623	swir1	6
1.568	0.65151227	swir1	6
1.569	0.69925785	swir1	6
1.57	0.74280465	swir1	6
1.571	0.78431123	swir1	6
1.572	0.81647187	swir1	6
1.573	0.8476572	swir1	6
1.574	0.86943054	swir1	6
1.575	0.88958013	swir1	6
1.576	0.90365207	swir1	6
1.577	0.91621089	swir1	6
1.578	0.92594534	swir1	6
1.579	0.93301046	swir1	6
1.58	0.93747759	swir1	6
1.581	0.94050515	swir1	6
1.582	0.94241244	swir1	6
1.583	0.94408292	swir1	6
1.584	0.94547117	swir1	6
1.585	0.94619197	swir1	6
1.586	0.94624329	swir1	6
1.587	0.94625497	swir1	6
1.588	0.94622612	swir1	6
1.589	0.94606429	swir1	6
1.59	0.94574815	swir1	6
1.591	0.94553393	swir1	6
1.592	0.94558442	swir1	6
1.593	0.94582468	swir1	6
1.594	0.94627059	swir1	6
1.595	0.94634467	swir1	6
1.596	0.94768435	swir1	6
1.597	0.94801325	swir1	6
1.598	0.9490751	swir1	6
1.599	0.95058209	swir1	6
1.6	0.95202774	swir1	6
1.601	0.9523024	swir1	6
1.602	0.95366448	swir1	6
1.603	0.95503706	swir1	6
1.604	0.95348102	swir1	6
1.605	0.95565885	swir1	6
1.606	0.95655489	swir1	6
1.607	0.9571594	swir1	6
1.608	0.95751184	swir1	6
1.609	0.95777732	swir1	6
1.61	0.95878011	swir1	6
1.611	0.96029568	swir1	6
1.612	0.96157014	swir1	6
1.613	0.96228975	swir1	6
1.614	0.96300948	swir1	6
1.615	0.96425939	swir1	6
1.616	0.96561593	swir1	6
1.617	0.96700233	swir1	6
1.618	0.96843988	swir1	6
1.619	0.9698503	swir1	6
1.62	0.97095174	swir1	6
1.621	0.97284758	swir1	6
1.622	0.97459286	swir1	6
1.623	0.97610509	swir1	6
1.624	0.97767121	swir1	6
1.625	0.97953802	swir1	6
1.626	0.98140436	swir1	6
1.627	0.98274249	swir1	6
1.628	0.98509848	swir1	6
1.629	0.98681152	swir1	6
1.63	0.98781842	swir1	6
1.631	0.99100113	swir1	6
1.632	0.99333715	swir1	6
1.633	0.99528229	swir1	6
1.634	0.99711514	swir1	6
1.635	0.99855757	swir1	6
1.636	1	swir1	6
1.637	0.99876851	swir1	6
1.638	0.99723363	swir1	6
1.639	0.9924348	swir1	6
1.64	0.98559129	swir1	6
1.641	0.97646844	swir1	6
1.642	0.96127671	swir1	6
1.643	0.93863082	swir1	6
1.644	0.90128821	swir1	6
1.645	0.86149269	swir1	6
1.646	0.81432277	swir1	6
1.647	0.76036841	swir1	6
1.648	0.70382959	swir1	6
1.649	0.64186883	swir1	6
1.65	0.5782938	swir1	6
1.651	0.5112322	swir1	6
1.652	0.45091432	swir1	6
1.653	0.39109415	swir1	6
1.654	0.33723828	swir1	6
1.655	0.28662252	swir1	6
1.656	0.24553978	swir1	6
1.657	0.20748182	swir1	6
1.658	0.17609432	swir1	6
1.659	0.14815453	swir1	6
1.66	0.12629366	swir1	6
1.661	0.10593576	swir1	6
1.662	0.08847605	swir1	6
1.663	0.07402261	swir1	6
1.664	0.06265628	swir1	6
1.665	0.05266043	swir1	6
1.666	0.04443575	swir1	6
1.667	0.03732267	swir1	6
1.668	0.03176107	swir1	6
1.669	0.02672855	swir1	6
1.67	0.02271426	swir1	6
1.671	0.01926102	swir1	6
1.672	0.01647112	swir1	6
1.673	0.01399191	swir1	6
1.674	0.01196509	swir1	6
1.675	0.01046654	swir1	6
1.676	0.00944234	swir1	6
1.677	0.00835179	swir1	6
1.678	0.00720314	swir1	6
1.679	0.00619173	swir1	6
1.68	0.00537047	swir1	6
1.681	0.00465052	swir1	6
1.682	0.00405339	swir1	6
1.683	0.0035255	swir1	6
1.684	0.00308368	swir1	6
1.685	0.00269277	swir1	6
1.686	0.00236559	swir1	6
1.687	0.00207236	swir1	6
1.688	0.00182825	swir1	6
1.689	0.00160853	swir1	6
1.69	0.00142007	swir1	6
1.691	0.00126631	swir1	6
1.692	0.00112938	swir1	6
1.693	0.00100486	swir1	6
1.694	0.00090314	swir1	6
1.695	0.00080678	swir1	6
1.696	0.00073146	swir1	6
1.697	0.00065905	swir1	6
2.037	0.00100276	swir2	7
2.038	0.00104302	swir2	7
2.039	0.00109992	swir2	7
2.04	0.00115845	swir2	7
2.041	0.00122734	swir2	7
2.042	0.00129681	swir2	7
2.043	0.00137709	swir2	7
2.044	0.00145904	swir2	7
2.045	0.0015567	swir2	7
2.046	0.00165654	swir2	7
2.047	0.00177442	swir2	7
2.048	0.0018923	swir2	7
2.049	0.00203646	swir2	7
2.05	0.00218165	swir2	7
2.051	0.00234517	swir2	7
2.052	0.0025214	swir2	7
2.053	0.00272487	swir2	7
2.054	0.00293431	swir2	7
2.055	0.00318399	swir2	7
2.056	0.00343867	swir2	7
2.057	0.00373486	swir2	7
2.058	0.0040396	swir2	7
2.059	0.00440837	swir2	7
2.06	0.00477775	swir2	7
2.061	0.00522084	swir2	7
2.062	0.00566917	swir2	7
2.063	0.00622531	swir2	7
2.064	0.00679017	swir2	7
2.065	0.00749193	swir2	7
2.066	0.00819369	swir2	7
2.067	0.00880615	swir2	7
2.068	0.00943206	swir2	7
2.069	0.01050554	swir2	7
2.07	0.01157901	swir2	7
2.071	0.01266538	swir2	7
2.072	0.01378047	swir2	7
2.073	0.01552035	swir2	7
2.074	0.01726034	swir2	7
2.075	0.01900202	swir2	7
2.076	0.02074371	swir2	7
2.077	0.02340086	swir2	7
2.078	0.02618283	swir2	7
2.079	0.02920399	swir2	7
2.08	0.0322929	swir2	7
2.081	0.03595484	swir2	7
2.082	0.03991824	swir2	7
2.083	0.04499807	swir2	7
2.084	0.05056739	swir2	7
2.085	0.05656623	swir2	7
2.086	0.06276533	swir2	7
2.087	0.07099935	swir2	7
2.088	0.07984023	swir2	7
2.089	0.09018464	swir2	7
2.09	0.1011311	swir2	7
2.091	0.1130442	swir2	7
2.092	0.12531833	swir2	7
2.093	0.14104207	swir2	7
2.094	0.15772916	swir2	7
2.095	0.17846316	swir2	7
2.096	0.19946745	swir2	7
2.097	0.22195263	swir2	7
2.098	0.24493155	swir2	7
2.099	0.27459398	swir2	7
2.1	0.30581087	swir2	7
2.101	0.33765897	swir2	7
2.102	0.36978662	swir2	7
2.103	0.40613315	swir2	7
2.104	0.4434717	swir2	7
2.105	0.48442909	swir2	7
2.106	0.52639425	swir2	7
2.107	0.55868477	swir2	7
2.108	0.59015769	swir2	7
2.109	0.62845188	swir2	7
2.11	0.67081827	swir2	7
2.111	0.70369262	swir2	7
2.112	0.73118645	swir2	7
2.113	0.7561571	swir2	7
2.114	0.7799347	swir2	7
2.115	0.80423528	swir2	7
2.116	0.82853574	swir2	7
2.117	0.84607869	swir2	7
2.118	0.86023945	swir2	7
2.119	0.86919415	swir2	7
2.12	0.88100129	swir2	7
2.121	0.89042884	swir2	7
2.122	0.89982301	swir2	7
2.123	0.90695715	swir2	7
2.124	0.91398126	swir2	7
2.125	0.91721064	swir2	7
2.126	0.92048544	swir2	7
2.127	0.92542076	swir2	7
2.128	0.92985046	swir2	7
2.129	0.93153703	swir2	7
2.13	0.93249965	swir2	7
2.131	0.93463236	swir2	7
2.132	0.93673027	swir2	7
2.133	0.9378534	swir2	7
2.134	0.93894368	swir2	7
2.135	0.94098628	swir2	7
2.136	0.94262463	swir2	7
2.137	0.94227535	swir2	7
2.138	0.9423033	swir2	7
2.139	0.94379717	swir2	7
2.14	0.94515347	swir2	7
2.141	0.94504112	swir2	7
2.142	0.94498247	swir2	7
2.143	0.94592953	swir2	7
2.144	0.94692481	swir2	7
2.145	0.94919229	swir2	7
2.146	0.95145994	swir2	7
2.147	0.95272231	swir2	7
2.148	0.95394844	swir2	7
2.149	0.95358199	swir2	7
2.15	0.95307189	swir2	7
2.151	0.95554107	swir2	7
2.152	0.95797873	swir2	7
2.153	0.95833826	swir2	7
2.154	0.95876426	swir2	7
2.155	0.95979828	swir2	7
2.156	0.96079904	swir2	7
2.157	0.96058774	swir2	7
2.158	0.96037638	swir2	7
2.159	0.96064055	swir2	7
2.16	0.96220273	swir2	7
2.161	0.96401131	swir2	7
2.162	0.96372789	swir2	7
2.163	0.96397525	swir2	7
2.164	0.96447343	swir2	7
2.165	0.96521795	swir2	7
2.166	0.9660756	swir2	7
2.167	0.96696723	swir2	7
2.168	0.96789074	swir2	7
2.169	0.96744436	swir2	7
2.17	0.96549106	swir2	7
2.171	0.96621031	swir2	7
2.172	0.96805149	swir2	7
2.173	0.96899831	swir2	7
2.174	0.96919876	swir2	7
2.175	0.96860504	swir2	7
2.176	0.96753544	swir2	7
2.177	0.96692026	swir2	7
2.178	0.96685123	swir2	7
2.179	0.96803194	swir2	7
2.18	0.96974194	swir2	7
2.181	0.97015101	swir2	7
2.182	0.97056007	swir2	7
2.183	0.97212642	swir2	7
2.184	0.97419846	swir2	7
2.185	0.97452831	swir2	7
2.186	0.97485834	swir2	7
2.187	0.97576022	swir2	7
2.188	0.9769215	swir2	7
2.189	0.9771384	swir2	7
2.19	0.97730094	swir2	7
2.191	0.97741669	swir2	7
2.192	0.97746247	swir2	7
2.193	0.97645605	swir2	7
2.194	0.97545022	swir2	7
2.195	0.97717029	swir2	7
2.196	0.97678941	swir2	7
2.197	0.97663635	swir2	7
2.198	0.97651941	swir2	7
2.199	0.97859836	swir2	7
2.2	0.98067731	swir2	7
2.201	0.98093402	swir2	7
2.202	0.9808982	swir2	7
2.203	0.98004782	swir2	7
2.204	0.98011398	swir2	7
2.205	0.97921491	swir2	7
2.206	0.97878832	swir2	7
2.207	0.97845	swir2	7
2.208	0.97681779	swir2	7
2.209	0.97705674	swir2	7
2.21	0.97879267	swir2	7
2.211	0.97907805	swir2	7
2.212	0.9780426	swir2	7
2.213	0.97847897	swir2	7
2.214	0.97736776	swir2	7
2.215	0.97698873	swir2	7
2.216	0.97670597	swir2	7
2.217	0.97656572	swir2	7
2.218	0.97742045	swir2	7
2.219	0.97710729	swir2	7
2.22	0.97625577	swir2	7
2.221	0.97609216	swir2	7
2.222	0.97645754	swir2	7
2.223	0.97678703	swir2	7
2.224	0.97713715	swir2	7
2.225	0.97934949	swir2	7
2.226	0.97878641	swir2	7
2.227	0.98002392	swir2	7
2.228	0.97969437	swir2	7
2.229	0.97947246	swir2	7
2.23	0.97958535	swir2	7
2.231	0.97973728	swir2	7
2.232	0.98007715	swir2	7
2.233	0.98041546	swir2	7
2.234	0.98075229	swir2	7
2.235	0.98121125	swir2	7
2.236	0.98180187	swir2	7
2.237	0.98325735	swir2	7
2.238	0.98485512	swir2	7
2.239	0.98458195	swir2	7
2.24	0.98573095	swir2	7
2.241	0.98682696	swir2	7
2.242	0.98753965	swir2	7
2.243	0.98808074	swir2	7
2.244	0.98795635	swir2	7
2.245	0.9888075	swir2	7
2.246	0.98895812	swir2	7
2.247	0.98889464	swir2	7
2.248	0.98786956	swir2	7
2.249	0.98677874	swir2	7
2.25	0.98517078	swir2	7
2.251	0.9837774	swir2	7
2.252	0.9826206	swir2	7
2.253	0.98161823	swir2	7
2.254	0.98062718	swir2	7
2.255	0.97954774	swir2	7
2.256	0.97850388	swir2	7
2.257	0.97752798	swir2	7
2.258	0.9764725	swir2	7
2.259	0.97541523	swir2	7
2.26	0.97554159	swir2	7
2.261	0.97751099	swir2	7
2.262	0.98016274	swir2	7
2.263	0.97513086	swir2	7
2.264	0.97495383	swir2	7
2.265	0.9752937	swir2	7
2.266	0.97618282	swir2	7
2.267	0.97859925	swir2	7
2.268	0.97964096	swir2	7
2.269	0.9807688	swir2	7
2.27	0.98314285	swir2	7
2.271	0.98586017	swir2	7
2.272	0.98965293	swir2	7
2.273	0.99181819	swir2	7
2.274	0.99376893	swir2	7
2.275	0.99618787	swir2	7
2.276	0.99796325	swir2	7
2.277	0.99923283	swir2	7
2.278	1	swir2	7
2.279	0.99792081	swir2	7
2.28	0.99446166	swir2	7
2.281	0.98581928	swir2	7
2.282	0.97574705	swir2	7
2.283	0.96128398	swir2	7
2.284	0.94335824	swir2	7
2.285	0.91998041	swir2	7
2.286	0.89376736	swir2	7
2.287	0.85915744	swir2	7
2.288	0.8235755	swir2	7
2.289	0.78115994	swir2	7
2.29	0.73678225	swir2	7
2.291	0.68822551	swir2	7
2.292	0.63962251	swir2	7
2.293	0.58982903	swir2	7
2.294	0.54092199	swir2	7
2.295	0.49226084	swir2	7
2.296	0.44587871	swir2	7
2.297	0.40125731	swir2	7
2.298	0.35893539	swir2	7
2.299	0.32148635	swir2	7
2.3	0.28420323	swir2	7
2.301	0.2523469	swir2	7
2.302	0.2255464	swir2	7
2.303	0.20149876	swir2	7
2.304	0.17846169	swir2	7
2.305	0.1584622	swir2	7
2.306	0.13879961	swir2	7
2.307	0.12371186	swir2	7
2.308	0.11006524	swir2	7
2.309	0.09831959	swir2	7
2.31	0.08718951	swir2	7
2.311	0.07798396	swir2	7
2.312	0.06932278	swir2	7
2.313	0.06206976	swir2	7
2.314	0.05512591	swir2	7
2.315	0.04944164	swir2	7
2.316	0.04455749	swir2	7
2.317	0.040062	swir2	7
2.318	0.03621278	swir2	7
2.319	0.03288715	swir2	7
2.32	0.02948643	swir2	7
2.321	0.02685629	swir2	7
2.322	0.02410637	swir2	7
2.323	0.02195595	swir2	7
2.324	0.0198522	swir2	7
2.325	0.0180521	swir2	7
2.326	0.01628702	swir2	7
2.327	0.01486861	swir2	7
2.328	0.01342942	swir2	7
2.329	0.0123302	swir2	7
2.33	0.01116003	swir2	7
2.331	0.01031453	swir2	7
2.332	0.00964784	swir2	7
2.333	0.00882719	swir2	7
2.334	0.00806936	swir2	7
2.335	0.00738959	swir2	7
2.336	0.00677839	swir2	7
2.337	0.00624485	swir2	7
2.338	0.00571132	swir2	7
2.339	0.00526846	swir2	7
2.34	0.00483111	swir2	7
2.341	0.00446368	swir2	7
2.342	0.00409824	swir2	7
2.343	0.00378863	swir2	7
2.344	0.00348159	swir2	7
2.345	0.00322292	swir2	7
2.346	0.00296733	swir2	7
2.347	0.00275285	swir2	7
2.348	0.00254073	swir2	7
2.349	0.00236097	swir2	7
2.35	0.0021844	swir2	7
2.351	0.00203332	swir2	7
2.352	0.00188482	swir2	7
2.353	0.00175931	swir2	7
2.354	0.00163477	swir2	7
2.355	0.00152506	swir2	7
0.488	0.00055981	Pan	8
0.489	0.00071401	Pan	8
0.49	0.00094114	Pan	8
0.491	0.00127548	Pan	8
0.492	0.00279056	Pan	8
0.493	0.00389131	Pan	8
0.494	0.00561835	Pan	8
0.495	0.00819427	Pan	8
0.496	0.01260893	Pan	8
0.497	0.02082734	Pan	8
0.498	0.03512893	Pan	8
0.499	0.06172826	Pan	8
0.5	0.11756328	Pan	8
0.501	0.20695142	Pan	8
0.502	0.35047555	Pan	8
0.503	0.51840705	Pan	8
0.504	0.6468308	Pan	8
0.505	0.71721101	Pan	8
0.506	0.73891264	Pan	8
0.507	0.73804098	Pan	8
0.508	0.73227501	Pan	8
0.509	0.73230338	Pan	8
0.51	0.73795259	Pan	8
0.511	0.74557811	Pan	8
0.512	0.74958354	Pan	8
0.513	0.75100011	Pan	8
0.514	0.7456966	Pan	8
0.515	0.73948652	Pan	8
0.516	0.73433906	Pan	8
0.517	0.73298591	Pan	8
0.518	0.73755181	Pan	8
0.519	0.74583215	Pan	8
0.52	0.75320041	Pan	8
0.521	0.75733781	Pan	8
0.522	0.75563645	Pan	8
0.523	0.75066346	Pan	8
0.524	0.74712878	Pan	8
0.525	0.74614233	Pan	8
0.526	0.75046557	Pan	8
0.527	0.757276	Pan	8
0.528	0.76255763	Pan	8
0.529	0.76933599	Pan	8
0.53	0.76426119	Pan	8
0.531	0.76089823	Pan	8
0.532	0.75593781	Pan	8
0.533	0.74580657	Pan	8
0.534	0.73709416	Pan	8
0.535	0.75071329	Pan	8
0.536	0.74780136	Pan	8
0.537	0.76249135	Pan	8
0.538	0.76414043	Pan	8
0.539	0.75922489	Pan	8
0.54	0.74998683	Pan	8
0.541	0.74630529	Pan	8
0.542	0.74671257	Pan	8
0.543	0.75543088	Pan	8
0.544	0.75887173	Pan	8
0.545	0.76089638	Pan	8
0.546	0.7569015	Pan	8
0.547	0.74005193	Pan	8
0.548	0.72667593	Pan	8
0.549	0.7193951	Pan	8
0.55	0.72856003	Pan	8
0.551	0.74397302	Pan	8
0.552	0.76320368	Pan	8
0.553	0.78191006	Pan	8
0.554	0.79408318	Pan	8
0.555	0.79531306	Pan	8
0.556	0.79247105	Pan	8
0.557	0.78975105	Pan	8
0.558	0.79136306	Pan	8
0.559	0.79676938	Pan	8
0.56	0.80500394	Pan	8
0.561	0.81197274	Pan	8
0.562	0.81878418	Pan	8
0.563	0.82147866	Pan	8
0.564	0.81793523	Pan	8
0.565	0.80917293	Pan	8
0.566	0.79949307	Pan	8
0.567	0.79439282	Pan	8
0.568	0.79288369	Pan	8
0.569	0.80010444	Pan	8
0.57	0.80942148	Pan	8
0.571	0.81826901	Pan	8
0.572	0.82481748	Pan	8
0.573	0.82645559	Pan	8
0.574	0.82283205	Pan	8
0.575	0.81772399	Pan	8
0.576	0.81348199	Pan	8
0.577	0.81432569	Pan	8
0.578	0.81980091	Pan	8
0.579	0.82896656	Pan	8
0.58	0.83787513	Pan	8
0.581	0.84118545	Pan	8
0.582	0.83640194	Pan	8
0.583	0.82991207	Pan	8
0.584	0.82210898	Pan	8
0.585	0.81671482	Pan	8
0.586	0.81798512	Pan	8
0.587	0.82558936	Pan	8
0.588	0.8370055	Pan	8
0.589	0.84746104	Pan	8
0.59	0.85366464	Pan	8
0.591	0.8550694	Pan	8
0.592	0.85333455	Pan	8
0.593	0.85258639	Pan	8
0.594	0.85494232	Pan	8
0.595	0.86125129	Pan	8
0.596	0.87052053	Pan	8
0.597	0.87891728	Pan	8
0.598	0.8835094	Pan	8
0.599	0.88422352	Pan	8
0.6	0.8804276	Pan	8
0.601	0.87636942	Pan	8
0.602	0.87454921	Pan	8
0.603	0.87427628	Pan	8
0.604	0.87942135	Pan	8
0.605	0.88424522	Pan	8
0.606	0.88828981	Pan	8
0.607	0.89149511	Pan	8
0.608	0.88984776	Pan	8
0.609	0.88692278	Pan	8
0.61	0.88409555	Pan	8
0.611	0.8844744	Pan	8
0.612	0.88792205	Pan	8
0.613	0.89509708	Pan	8
0.614	0.90393478	Pan	8
0.615	0.91256452	Pan	8
0.616	0.91933519	Pan	8
0.617	0.92318392	Pan	8
0.618	0.92334908	Pan	8
0.619	0.92322367	Pan	8
0.62	0.92271727	Pan	8
0.621	0.92207175	Pan	8
0.622	0.92361712	Pan	8
0.623	0.92525572	Pan	8
0.624	0.9287647	Pan	8
0.625	0.93246269	Pan	8
0.626	0.93536609	Pan	8
0.627	0.93693691	Pan	8
0.628	0.93770206	Pan	8
0.629	0.93660849	Pan	8
0.63	0.93482065	Pan	8
0.631	0.93340796	Pan	8
0.632	0.93537968	Pan	8
0.633	0.93697798	Pan	8
0.634	0.94104928	Pan	8
0.635	0.94614661	Pan	8
0.636	0.95185488	Pan	8
0.637	0.95627266	Pan	8
0.638	0.95843077	Pan	8
0.639	0.95736688	Pan	8
0.64	0.95565981	Pan	8
0.641	0.95283598	Pan	8
0.642	0.95041174	Pan	8
0.643	0.94886798	Pan	8
0.644	0.94887251	Pan	8
0.645	0.95064622	Pan	8
0.646	0.95328224	Pan	8
0.647	0.95691651	Pan	8
0.648	0.9610467	Pan	8
0.649	0.96566254	Pan	8
0.65	0.96974039	Pan	8
0.651	0.97312099	Pan	8
0.652	0.97521871	Pan	8
0.653	0.97489649	Pan	8
0.654	0.972332	Pan	8
0.655	0.96867853	Pan	8
0.656	0.96464068	Pan	8
0.657	0.96061975	Pan	8
0.658	0.96397477	Pan	8
0.659	0.96756929	Pan	8
0.66	0.97273779	Pan	8
0.661	0.98216408	Pan	8
0.662	0.9869532	Pan	8
0.663	0.98877376	Pan	8
0.664	0.98864222	Pan	8
0.665	0.98769355	Pan	8
0.666	0.98701572	Pan	8
0.667	0.98726958	Pan	8
0.668	0.99141115	Pan	8
0.669	0.99577439	Pan	8
0.67	1	Pan	8
0.671	0.99740297	Pan	8
0.672	0.98136055	Pan	8
0.673	0.92713571	Pan	8
0.674	0.79344761	Pan	8
0.675	0.593741	Pan	8
0.676	0.38244858	Pan	8
0.677	0.22371659	Pan	8
0.678	0.13053322	Pan	8
0.679	0.07709492	Pan	8
0.68	0.04784917	Pan	8
0.681	0.03124457	Pan	8
0.682	0.02128481	Pan	8
0.683	0.01692485	Pan	8
0.684	0.01253418	Pan	8
0.685	0.00931615	Pan	8
0.686	0.00690109	Pan	8
0.687	0.00516988	Pan	8
0.688	0.00380522	Pan	8
0.689	0.00285749	Pan	8
0.69	0.00203169	Pan	8
0.691	0.00146685	Pan	8
0.692	0.00104939	Pan	8
